SampleID	Unclassified|Other	k__Bacteria|Other	k__Bacteria|p__Actinobacteria	k__Bacteria|p__Bacteroidetes	k__Bacteria|p__Chlorobi	k__Bacteria|p__Chloroflexi	k__Bacteria|p__Cyanobacteria	k__Bacteria|p__Firmicutes	k__Bacteria|p__Fusobacteria	k__Bacteria|p__GN02	k__Bacteria|p__Proteobacteria	k__Bacteria|p__SR1	k__Bacteria|p__Spirochaetes	k__Bacteria|p__TM7	k__Bacteria|p__Tenericutes	k__Bacteria|p__WPS-2	k__Bacteria|p__[Thermi]
G160SRK8.04	0.0	0.0	0.0039461151177	0.0310829461734	0.0	0.0	0.0	0.936473378302	0.00382948117334	0.0	0.0243181774002	5.83169721828e-05	0.0	0.000291584860914	0.0	0.0	0.0
J160SVP4.04	0.0	0.0	0.00849100390422	0.0285581674721	0.0	0.0	0.0	0.956207169574	0.00273022633576	0.0	0.00401343271357	0.0	0.0	0.0	0.0	0.0	0.0
C160SRG0.04	0.0	0.0	0.00158518654659	0.0593181400478	0.0	0.0	0.0	0.808077559272	0.101727623599	0.0	0.0290387796361	0.0	0.0	0.000252710898732	0.0	0.0	0.0
J160SKKM.04	0.0	0.0	0.0259491316911	0.00557892026435	0.0	0.0	0.0	0.962692758848	0.0	0.0	0.00577918919692	0.0	0.0	0.0	0.0	0.0	0.0
F160T884.04	0.0	0.0	0.00157949291696	0.000904917817009	0.0	0.0	0.0	0.997515589266	0.0	0.0	0.0	0.0	0.0	0.0	0.0	0.0	0.0
E160T0GR.04	0.0	0.0	0.00019170554029	0.000639018467634	0.0	0.0	0.0	0.998338551984	0.000527190235798	0.0	0.000303533772126	0.0	0.0	0.0	0.0	0.0	0.0
F160SGBR.04	0.0	0.0	0.000514840270806	0.0306072540994	0.0	0.0	0.0	0.923005637501	0.000926712487451	0.0	0.0449455556414	0.0	0.0	0.0	0.0	0.0	0.0
F160SBCG.04	0.0	0.0	0.00366066383313	0.0318895413115	0.0	0.0	0.0	0.963786453087	0.000417659631968	0.0	0.000147409281871	0.0	0.0	9.82728545807e-05	0.0	0.0	0.0
G160SL0Q.04	0.0	0.0	0.00589903573454	0.00186046511628	0.0	0.0	0.0	0.992104367555	0.0	0.0	0.000136131593874	0.0	0.0	0.0	0.0	0.0	0.0
K160SP9B.04	0.0	0.0	0.0160119956088	0.0395212466865	0.0	0.0	0.0	0.870190376737	0.0147267518141	0.0	0.0582376094465	0.0	0.0	0.00131201970707	0.0	0.0	0.0
C160TGYC.04	0.0	0.0	0.00358226777452	0.0108711876213	0.0	0.0	0.0	0.970247275984	0.00465197273496	0.0	0.0106472958854	0.0	0.0	0.0	0.0	0.0	0.0
J160SB14.04	0.0	0.0	0.00276520100884	0.0	0.0	0.0	0.0	0.99644474156	1.51934121365e-05	0.0	0.000774864018961	0.0	0.0	0.0	0.0	0.0	0.0
G160NVWW.04	0.0	0.0	0.000185471406491	0.0	0.0	0.0	0.0	0.999793920659	0.0	0.0	2.06079340546e-05	0.0	0.0	0.0	0.0	0.0	0.0
K160NXTL.04	0.0	1.70099848611e-05	0.00158192859208	0.00399734644236	0.0	0.0	0.0	0.991358927691	0.00210923812278	0.0	0.000935549167361	0.0	0.0	0.0	0.0	0.0	0.0
K160SMPB.04	0.0	0.0	0.0	0.0	0.0	0.0	0.0	0.262598843385	0.0	0.0	0.737401156615	0.0	0.0	0.0	0.0	0.0	0.0
A160P055.04	0.0	0.0	0.00656238763035	4.49478604818e-05	0.0	0.0	0.0	0.993212873067	0.0	0.0	0.000179791441927	0.0	0.0	0.0	0.0	0.0	0.0
A160SNGK.04	0.0	0.0	2.26167590184e-05	4.52335180369e-05	0.0	0.0	0.0	0.820061065249	2.26167590184e-05	0.0	0.179848467715	0.0	0.0	0.0	0.0	0.0	0.0
G160SS7Q.04	0.0	0.0	0.016518250318	0.0	0.0	0.0	0.0	0.952656815735	0.0	0.0	0.0308249339466	0.0	0.0	0.0	0.0	0.0	0.0
K160SNXJ.04	0.0	0.0	0.00229427601545	0.0	0.0	0.0	0.0	0.0963361816692	0.0	0.0	0.901369542315	0.0	0.0	0.0	0.0	0.0	0.0
D160SS9J.04	0.0	0.0	0.00140015796654	0.0	0.0	0.0	0.0	0.991473396999	3.59014863215e-05	0.0	0.0070905435485	0.0	0.0	0.0	0.0	0.0	0.0
F160SQ2R.04	0.0	0.0	4.13257293991e-05	0.0	0.0	0.0	0.0	0.946255888916	2.06628646996e-05	0.0	0.0536821224895	0.0	0.0	0.0	0.0	0.0	0.0
H160SR97.04	0.0	0.0	0.00179761608452	0.0	0.0	0.0	0.0	0.997566304378	0.0	0.0	0.000636079537598	0.0	0.0	0.0	0.0	0.0	0.0
H160TBMG.04	0.0	0.0	0.00390243902439	0.0112891986063	0.0	0.0	0.0	0.975714285714	0.0011149825784	0.0	0.00742160278746	0.000522648083624	0.0	3.48432055749e-05	0.0	0.0	0.0
B160T6WR.04	0.0	3.36723011651e-05	0.0381843895212	0.0494309381103	0.0	0.0	0.0	0.868071924035	0.0101353626507	0.0	0.0317866522998	0.0	0.0	0.00235706108155	0.0	0.0	0.0
A160PXM0.04	0.0	0.0	0.000306533543528	0.0016859344894	0.0	0.0	0.0	0.997722893677	2.18952531091e-05	0.0	0.00026274303731	0.0	0.0	0.0	0.0	0.0	0.0
H160SHBG.04	0.0	0.000134476382585	0.0306269961338	0.0517061691041	0.0	0.0	0.0	0.63119852076	0.261556564128	0.0	0.0241721297697	0.0	0.0	0.000605143721634	0.0	0.0	0.0
C160SRH8.04	0.0	0.00020646226902	0.0205171879839	0.0542737689687	0.0	0.0	0.0	0.870341695055	0.0368277072365	0.0	0.0162072881181	0.00100650356147	0.0	0.000619386807061	0.0	0.0	0.0
A160SY61.04	0.0	7.38416097471e-05	0.0221155621193	0.0399113900683	0.0	0.0	0.0	0.873989292967	0.0306073472402	0.0	0.0323426250692	0.0	0.0	0.000959940926712	0.0	0.0	0.0
A160SJLK.04	0.0	0.0	0.00728345721436	0.153998431255	0.0	0.0	0.0	0.706607402981	0.0832555186195	0.0	0.0482949239906	0.0	0.0	0.000522914876928	3.73510626377e-05	0.0	0.0
B160T6XN.04	0.0	0.0	0.00544649411542	0.01150867887	0.0	0.0	0.0	0.976958961851	0.00241540173814	0.0	0.00367046342561	0.0	0.0	0.0	0.0	0.0	0.0
A160SHHV.04	0.0	0.000343889705193	0.0216963141276	0.013380435802	0.0	0.0	0.0	0.961140463313	0.000281364304249	0.0	0.00287616844343	0.0	0.0	0.000281364304249	0.0	0.0	0.0
J160SYQB.04	0.0	2.48034327951e-05	0.00630007192996	0.0216533968301	0.0	0.0	0.0	0.936205570851	0.0287967854751	0.0	0.00694496118263	0.0	0.0	7.44102983853e-05	0.0	0.0	0.0
A160T77P.04	0.0	0.000101327388793	0.0059023203972	0.0125899280576	0.0	0.0	0.0	0.977150673827	0.000354645860776	0.0	0.00379977707974	7.59955415949e-05	0.0	2.53318471983e-05	0.0	0.0	0.0
D160SBS7.04	0.0	7.13487288035e-05	0.024567745618	0.0574595095964	0.0	0.0	0.0	0.907199086736	0.0	0.0	0.0106785264109	0.0	0.0	2.37829096012e-05	0.0	0.0	0.0
K160SPLB.04	0.0	0.0	0.0167563680736	0.0928899832218	0.0	0.0	0.0	0.769529122088	0.0766565707188	0.0	0.0429913058636	0.0	0.0	0.00117665003377	0.0	0.0	0.0
K160SRSC.04	0.0	0.0	0.030710095894	0.00140137334588	0.0	0.0	0.0	0.910472262818	2.00196192268e-05	0.0	0.0516706372245	0.0	0.0	0.00572561109888	0.0	0.0	0.0
D160TBG8.04	0.0	0.000237424956755	0.0219448495743	0.0805209781908	0.0	0.0	0.0	0.880744836007	0.00033917850965	0.0	0.014482922362	0.0	0.0	0.00172981039921	0.0	0.0	0.0
A160T8BV.04	0.0	0.00026708609075	0.0217823545123	0.020298542897	0.0	0.0	0.0	0.948689794344	0.0	0.0	0.00741905807639	0.0	0.0	0.00154316407989	0.0	0.0	0.0
J160SYJB.04	0.0	0.0	0.000925732373757	0.0455101979873	0.0	0.0	0.0	0.950040314152	0.0	0.0	0.0035237554872	0.0	0.0	0.0	0.0	0.0	0.0
D160SZZF.04	0.0	0.0	0.0121653169913	0.00124024221201	0.0	0.0	0.0	0.984825271759	0.0	0.0	0.00144086962866	0.0	0.0	0.000328299409061	0.0	0.0	0.0
H160TD72.04	0.0	3.06109954696e-05	0.00547936818905	0.0115709562875	0.0	0.0	3.06109954696e-05	0.977592751316	0.000459164932044	0.0	0.00477531529325	3.06109954696e-05	0.0	3.06109954696e-05	0.0	0.0	0.0
C160SS0S.04	0.0	3.32214876582e-05	0.022158732268	0.119431248131	0.0	0.0	0.0	0.723198564832	0.0503637752899	0.0	0.0843161356766	0.0	0.0	0.000498322314873	0.0	0.0	0.0
G160PX8K.04	0.0	0.0	0.023910218547	0.0392675723568	0.0	0.0	0.0	0.932498523331	0.0	0.0	0.00432368576491	0.0	0.0	0.0	0.0	0.0	0.0
J160SJHV.04	0.0	0.0	0.00218109115143	0.00418042470692	0.0	0.0	3.02929326588e-05	0.993002332556	0.000181757595953	0.0	0.000424101057223	0.0	0.0	0.0	0.0	0.0	0.0
J160SPP1.04	0.0	2.49706594751e-05	0.0153319849177	0.044672509801	0.0	0.0	0.0	0.929632681599	0.0048193372787	0.0	0.0050191025545	2.49706594751e-05	0.0	0.000474442530027	0.0	0.0	0.0
B160SK8Y.04	0.0	0.0	0.0447388043335	0.204087898592	0.0	0.0	0.0	0.592175095399	0.124040528093	0.0	0.0340804421247	0.0	0.0	0.00087723145752	0.0	0.0	0.0
E160T7WS.04	0.0	0.0	0.00598228546537	0.0216640046464	0.0	0.0	0.0	0.960824742268	0.00784085959053	0.0	0.00351386670539	0.0	0.0	0.000174241324234	0.0	0.0	0.0
H160SLNL.04	0.0	0.0	0.0167549230515	0.152945556843	0.0	0.0	0.0	0.787067681615	0.0212642727122	0.0	0.0219261955982	4.1370180374e-05	0.0	0.0	0.0	0.0	0.0
C160SQFS.04	0.0	2.36507260773e-05	0.0413414691831	0.0760134336124	0.0	0.0	0.0	0.78693060877	0.0940825883355	0.0	0.00160824937326	0.0	0.0	0.0	0.0	0.0	0.0
F160SH25.04	0.0	0.0	0.709174371663	0.00074879541607	0.0	0.0	0.0	0.225322307592	3.25563224378e-05	0.0	0.0647219690064	0.0	0.0	0.0	0.0	0.0	0.0
F160SLF1.04	0.0	0.0	0.0185542526347	0.00144193049047	0.0	0.0	0.0	0.924743951314	0.0	0.0	0.0490892512564	0.0	0.0	0.0061706143048	0.0	0.0	0.0
D160T9MZ.04	0.0	4.914004914e-05	0.00737100737101	0.0872235872236	0.0	0.0	0.0	0.647567567568	0.143488943489	0.0	0.112137592138	0.0	0.0	0.00216216216216	0.0	0.0	0.0
H160SJ0W.04	0.0	0.0	0.0118851105976	0.0414328161109	0.0	0.0	0.0	0.902905249257	0.0125784087157	0.0	0.0266424562562	0.0	0.0	0.0045559590624	0.0	0.0	0.0
H160TDJL.04	0.0	0.0	0.000524730346905	0.000505295889612	0.0	0.0	1.94344572928e-05	0.998581284618	0.000252647944806	0.0	0.000116606743757	0.0	0.0	0.0	0.0	0.0	0.0
J160TCLD.04	0.0	0.0	0.0026987181089	0.00152427596891	0.0	0.0	0.0	0.98040930558	0.0	0.0	0.0153677003423	0.0	0.0	0.0	0.0	0.0	0.0
J160SPM7.04	0.0	0.0	0.00330601979555	0.0204243063443	0.0	0.0	0.0	0.949821515496	0.00971523608632	0.0	0.0162461463573	2.02823300341e-05	0.0	0.000466493590784	0.0	0.0	0.0
D160SQ1B.04	0.0	0.0	0.084315318976	0.000243803331979	0.0	0.0	0.000568874441284	0.890532303941	0.00125965054856	0.0	0.0230800487607	0.0	0.0	0.0	0.0	0.0	0.0
J160SKQ0.04	0.0	0.0	0.0120645295877	3.47680967944e-05	0.0	0.0	0.0	0.987900702316	0.0	0.0	0.0	0.0	0.0	0.0	0.0	0.0	0.0
G160TDKH.04	0.0	0.0	0.0224544433889	0.049227048968	0.0	0.0	0.0	0.834096208654	0.0504361343812	0.0	0.0421452629761	0.0	0.0	0.00164090163227	0.0	0.0	0.0
A160TB6R.04	0.0	0.0	0.00995997393652	0.0655775854044	0.0	0.0	0.0	0.823931862608	0.00549194824537	0.0	0.0950386298055	0.0	0.0	0.0	0.0	0.0	0.0
E160SK81.04	0.0	0.0	0.0296887613239	0.116602385864	0.0	0.0	0.0	0.649609830478	0.0293748318235	0.0	0.169387389003	0.000134541214459	0.0	0.0052022602924	0.0	0.0	0.0
H160TB7N.04	0.0	0.00019927265481	0.0388083495242	0.0331290788622	0.0	0.0	0.0	0.789119713047	0.0938076022518	0.0	0.0439396203856	0.0	0.0	0.00099636327405	0.0	0.0	0.0
B160SPYG.04	0.0	3.8258474252e-05	0.0325962200627	0.0909021348229	0.0	0.0	0.0	0.741717040324	0.119825541357	0.0	0.0143469278445	0.0	0.0	0.000573877113781	0.0	0.0	0.0
D160SYZD.04	0.0	0.0	0.00633858206999	7.71117040144e-05	0.0	0.0	0.0	0.993491772181	1.54223408029e-05	0.0	7.71117040144e-05	0.0	0.0	0.0	0.0	0.0	0.0
C160SGV1.04	0.0	0.0	0.0246947932246	0.0466766373344	0.0	0.0	0.0	0.815728148586	0.056624117422	0.0	0.047580953706	0.000347813989079	0.0	0.00834753573789	0.0	0.0	0.0
F160SQS8.04	0.0	0.0	0.00739034039038	0.110942051037	0.0	0.0	0.0	0.867495544059	0.00208668434552	0.0	0.0119114898057	0.0	0.0	0.000173890362127	0.0	0.0	0.0
F160SV5L.04	0.0	0.0	0.00951496867023	0.0611897578711	0.0	0.0	0.0	0.842886980738	0.0409994584977	0.0	0.0449833681442	0.000116036203295	0.0	0.000309429875454	0.0	0.0	0.0
H160SX87.04	0.0	0.0	0.00980905870764	0.00331160529018	0.0	0.0	0.0	0.98505585714	0.00100605730335	0.0	0.00075454297751	0.0	0.0	6.28785814592e-05	0.0	0.0	0.0
H160SGHZ.04	0.0	0.0	0.00125713423679	0.0203404319513	0.0	0.0	0.0	0.978151006965	0.000100570738944	0.0	0.000125713423679	0.0	0.0	0.0	0.0	0.0	2.51426847359e-05
K160SW23.04	0.0	0.0	0.01055980061	0.0685731151412	0.0	0.0	0.0	0.882628800052	0.00121339323779	0.0	0.0369593021349	0.0	0.0	6.55888236644e-05	0.0	0.0	0.0
B160SNFN.04	0.0	0.0	0.000932793374892	0.0528507075579	0.0	0.0	0.0	0.920280293034	0.00159257405469	0.0	0.0242753788051	4.55021158484e-05	0.0	2.27510579242e-05	0.0	0.0	0.0
E160SYK7.04	0.0	0.0	0.000308537225016	0.038999105242	0.0	0.0	0.0	0.955076980038	6.17074450032e-05	0.0	0.00555367005029	0.0	0.0	0.0	0.0	0.0	0.0
H160T70C.04	0.0	0.0	0.00135873493105	0.0142522621491	0.0	0.0	0.0	0.983174814258	0.000115637015409	0.0	0.00109855164638	0.0	0.0	0.0	0.0	0.0	0.0
G160TFN9.04	0.0	3.11322810622e-05	0.000653777902307	0.00983780081567	0.0	0.0	0.0	0.988730114255	0.000747174745494	0.0	0.0	0.0	0.0	0.0	0.0	0.0	0.0
C160T9QP.04	0.0	0.0	0.00323842936176	0.0642963162866	0.0	0.0	0.0	0.817096208339	0.00620698961004	0.0	0.108892187289	6.746727837e-05	0.0	0.00020240183511	0.0	0.0	0.0
H160SSBF.04	0.0	9.09421607857e-05	0.00632048017461	0.012845580211	0.0	0.0	0.0	0.909830847581	0.0661831575118	0.0	0.00470625682066	0.0	0.0	2.27355401964e-05	0.0	0.0	0.0
C160SZF2.04	0.0	0.0	0.00451563205568	0.0755969931203	0.0	0.0	0.0	0.895210773767	0.0157515871119	0.0	0.00873907615481	0.00013281270752	0.0	5.31250830079e-05	0.0	0.0	0.0
K160SZ4S.04	0.0	0.0	0.000595752286199	0.0230854010902	0.0	0.0	0.0	0.968305978374	0.00399154031754	0.0	0.00402132793185	0.0	0.0	0.0	0.0	0.0	0.0
K160SLRV.04	0.0	0.0	0.00848322490114	0.0326784879024	0.0	0.0	2.12612152911e-05	0.915359101926	0.0241740017859	0.0	0.0187523918867	0.0	0.0	0.000467746736403	0.0	0.0	6.37836458732e-05
K160TCM9.04	0.0	0.0	0.0213673800152	0.0542453610293	0.0	0.0	0.0	0.862435087487	0.0386332815136	0.0	0.0217312208514	0.0	0.0	0.0015876691033	0.0	0.0	0.0
C160SXP7.04	0.0	0.0	0.00190796494519	0.171522814733	0.0	0.0	0.0	0.818581638263	0.00255473272322	0.0	0.00533583416874	0.0	0.0	9.70151667044e-05	0.0	0.0	0.0
H160SWJV.04	0.0	0.0	0.00111168641306	0.0	0.0	0.0	0.0	0.994350196449	0.0	0.0	0.00453811713825	0.0	0.0	0.0	0.0	0.0	0.0
D160SS41.04	0.0	0.0	0.0150522051316	0.254899377491	0.0	0.0	0.0	0.525246204012	0.17249102467	0.0	0.0322123777214	3.29369915352e-05	0.0	6.58739830704e-05	0.0	0.0	0.0
B160SGDK.04	0.0	0.0	0.0192604006163	0.190077041602	0.0	0.0	0.0	0.661294298921	0.11719568567	0.0	0.0120801232666	0.0	0.0	9.24499229584e-05	0.0	0.0	0.0
F160T891.04	0.0	0.0	0.00457686850657	0.114787862145	0.0	0.0	0.0	0.803377728958	0.0368895601629	0.0	0.0403222115429	0.0	0.0	4.57686850657e-05	0.0	0.0	0.0
J160SH9K.04	0.0	0.0	0.023641412138	0.0712812376041	0.0	0.0	0.0	0.779055930186	0.0996826656089	0.0	0.0263387544625	0.0	0.0	0.0	0.0	0.0	0.0
A160SPB7.04	0.0	0.0	0.00400335610692	0.0239482200647	0.0	0.0	0.0	0.971760757521	4.7944384514e-05	0.0	0.00023972192257	0.0	0.0	0.0	0.0	0.0	0.0
C160SZK2.04	0.0	0.0	0.298603762872	0.0209822695951	0.0	0.0	0.0	0.648643765969	0.000877487289339	0.0	0.0298087593878	0.0	0.0	0.00108395488683	0.0	0.0	0.0
J160PFQ1.04	0.0	0.0	0.0100684916708	0.0714085085236	0.0	0.0	0.0	0.86059676339	0.0	0.0	0.0563057710174	0.0	0.0	0.00136119093404	0.000259274463626	0.0	0.0
A160SJSK.04	0.0	0.0	0.00130977968834	0.121742342826	0.0	0.0	0.0	0.81014911338	0.0165569586244	0.0	0.0501074691026	0.000100752283718	0.0	3.35840945728e-05	0.0	0.0	0.0
J160TFLH.04	0.0	0.0	0.00168428066409	3.70171574525e-05	0.0	0.0	0.0	0.998019582076	0.0	0.0	3.70171574525e-05	0.0	0.0	0.000222102944715	0.0	0.0	0.0
D160T7LX.04	0.0	0.0	0.00692745917205	4.55753892898e-05	0.0	0.0	0.0	0.988925180403	0.0	0.0	0.000410178503608	0.0	0.0	0.00369160653247	0.0	0.0	0.0
C160T9NW.04	0.0	0.0	0.634476860836	0.00174324902148	0.0	0.0	0.0	0.330954182153	0.00124987665691	0.0	0.0315758313324	0.0	0.0	0.0	0.0	0.0	0.0
E160SS50.04	0.0	0.0	0.0346976206628	5.02499937188e-05	0.0	0.0	0.0	0.965227004347	0.0	0.0	2.51249968594e-05	0.0	0.0	0.0	0.0	0.0	0.0
J160T949.04	0.0	0.000149655791679	0.000935348697995	0.155230469919	0.0	0.0	0.0	0.69477701287	0.0361044597426	0.0	0.112728225082	0.0	0.0	7.48278958396e-05	0.0	0.0	0.0
C160SQMB.04	0.0	0.0	0.00188663306395	0.00391405964013	0.0	0.0	0.0	0.988511249402	0.00242164841044	0.0	0.00326640948385	0.0	0.0	0.0	0.0	0.0	0.0
G160SN5J.04	0.0	0.0	0.00114842462074	0.0	0.0	0.0	0.0	0.99875896049	1.85229777539e-05	0.0	7.40919110156e-05	0.0	0.0	0.0	0.0	0.0	0.0
J160T956.04	0.0	0.000469238790407	0.000417101147028	0.0342022940563	0.0	0.0	0.0	0.899661105318	0.0323514077164	0.0	0.0327945776851	0.0	0.0	0.000104275286757	0.0	0.0	0.0
A160SR8B.04	0.0	0.0	0.00168642747718	2.57469843845e-05	0.0	0.0	0.0	0.997193578702	2.57469843845e-05	0.0	0.00106849985195	0.0	0.0	0.0	0.0	0.0	0.0
F160SYWP.04	0.0	0.0	0.000117366956172	1.67667080245e-05	0.0	0.0	0.0	0.999580832299	0.0	0.0	0.000285034036417	0.0	0.0	0.0	0.0	0.0	0.0
D160SXKK.04	0.0	0.0	0.0646610666146	0.0	0.0	0.0	0.0	0.935295522129	0.0	0.0	4.34112565388e-05	0.0	0.0	0.0	0.0	0.0	0.0
C160SYYH.04	0.0	0.0	0.00343917134927	0.0	0.0	0.0	0.0	0.996533748561	0.0	0.0	2.70800893643e-05	0.0	0.0	0.0	0.0	0.0	0.0
D160SS5X.04	0.0	0.0	8.01897059329e-05	6.87340336568e-05	0.0	0.0	0.0	0.997594308822	1.14556722761e-05	0.0	0.00218803340474	0.0	0.0	0.0	0.0	0.0	5.72783613806e-05
B160SF8N.04	0.0	0.0	4.67235136082e-05	0.0	0.0	0.0	0.0	0.999836467702	0.0	0.0	9.34470272164e-05	0.0	0.0	0.0	0.0	0.0	2.33617568041e-05
D160TJ8X.04	0.0	0.000188572506129	0.00558174618141	0.0350744861399	0.0	0.0	0.0	0.948896850839	0.00316801810296	0.0	0.00682632472186	0.0	0.0	0.00026400150858	0.0	0.0	0.0
F160SXLG.04	0.0	0.0	0.00254287283602	0.0	0.0	0.0	0.0	0.997416441199	0.0	0.0	4.06859653762e-05	0.0	0.0	0.0	0.0	0.0	0.0
G160SB07.04	0.0	0.0	0.0942493692178	0.0	0.0	0.0	0.0	0.90180824222	0.0	0.0	0.00394238856182	0.0	0.0	0.0	0.0	0.0	0.0
K160TF17.04	0.0	0.0	0.0020059435364	0.000260029717682	0.0	0.0	0.0	0.997734026746	0.0	0.0	0.0	0.0	0.0	0.0	0.0	0.0	0.0
B160SYG0.04	0.0	0.0	7.25636746245e-05	0.000120939457707	0.0	0.0	0.0	0.819751832233	0.0	0.0	0.180054664635	0.0	0.0	0.0	0.0	0.0	0.0
B160SKRY.04	0.0	0.0	0.00982725527831	0.0	0.0	0.0	0.0	0.990147152911	0.0	0.0	2.55918106206e-05	0.0	0.0	0.0	0.0	0.0	0.0
A160SQRC.04	0.0	0.0	0.157298191383	0.000921933891917	0.0	0.0	0.0	0.713115865398	0.0	0.0	0.128664009328	0.0	0.0	0.0	0.0	0.0	0.0
C160SRJ7.04	0.0	0.0	0.000932026353849	0.0204403021051	0.0	0.0	0.0	0.966254218223	0.0	0.0	0.0123734533183	0.0	0.0	0.0	0.0	0.0	0.0
D160TF0B.04	0.0	0.0	0.00116835886719	9.87345521565e-05	0.0	0.0	0.0	0.998732906581	0.0	0.0	0.0	0.0	0.0	0.0	0.0	0.0	0.0
G160SKZT.04	0.0	0.0	0.00461246429775	0.00017740247299	0.0	0.0	0.0	0.991839486242	0.0	0.0	0.00337064698682	0.0	0.0	0.0	0.0	0.0	0.0
J160SBKX.04	0.0	0.0	0.000743638175409	0.0	0.0	0.0	0.0	0.999226616298	0.0	0.0	2.97455270164e-05	0.0	0.0	0.0	0.0	0.0	0.0
E160NYVR.04	0.0	0.0	0.00376061463809	0.000242620299232	0.0	0.0	0.0	0.989466235342	0.000222401940962	0.0	0.00630812778002	0.0	0.0	0.0	0.0	0.0	0.0
G160RC75.04	0.0	0.0	0.000888980066332	1.70957705064e-05	0.0	0.0	0.0	0.0734605258659	0.0	0.0	0.925633398297	0.0	0.0	0.0	0.0	0.0	0.0
A160SFBG.04	0.0	0.0	0.0	0.0	0.0	0.0	0.0	0.96262724864	0.0	0.0	0.0373727513596	0.0	0.0	0.0	0.0	0.0	0.0
J160NS05.04	0.0	0.0	0.00106283213504	0.00206314473273	0.0	0.0	0.0	0.0310096905283	0.0	0.0	0.965864332604	0.0	0.0	0.0	0.0	0.0	0.0
G160SPVR.04	0.0	0.0	0.000248577583826	2.76197315362e-05	0.0	0.0	0.0	0.775479202342	0.0	0.0	0.224244600342	0.0	0.0	0.0	0.0	0.0	0.0
K160SNK8.04	0.0	0.0	0.00167490612421	0.0	0.0	0.0	0.0	0.614717562201	0.0	0.0	0.383607531675	0.0	0.0	0.0	0.0	0.0	0.0
C160SMFW.04	0.0	0.0	0.000419982316534	0.0	0.0	0.0	0.0	0.980437665782	0.0	0.0	0.019142351901	0.0	0.0	0.0	0.0	0.0	0.0
C160SM70.04	0.0	0.0	0.000294177547464	0.0	0.0	0.0	0.0	0.962639451472	0.0	0.0	0.0370663709805	0.0	0.0	0.0	0.0	0.0	0.0
J160SKP3.04	0.0	0.0	0.0181832940985	0.0	0.0	0.0	0.0	0.981816705901	0.0	0.0	0.0	0.0	0.0	0.0	0.0	0.0	0.0
A160QC43.04	0.0	0.0	3.07084437984e-05	2.04722958656e-05	0.0	0.0	0.0	0.999928346964	0.0	0.0	0.0	0.0	0.0	0.0	0.0	0.0	2.04722958656e-05
C160Q551.04	0.0	0.0	0.000864692861096	3.45877144438e-05	0.0	0.0	0.0	0.523104593248	0.0	0.0	0.44727102933	0.0	0.0	0.0	0.0285348644162	0.0	0.000190232429441
B160QC36.04	0.0	0.0	0.000523309057608	0.000305263616938	0.0	0.0	0.0	0.998473681915	0.0	0.0	0.000697745410143	0.0	0.0	0.0	0.0	0.0	0.0
A160Q989.04	0.0	0.0	0.375890850722	0.0	0.0	0.0	0.0	0.623210272873	0.0	0.0	0.000176565008026	0.0	0.0	0.0	0.000722311396469	0.0	0.0
C160WB2N.04	0.0	0.0	0.0163365684423	0.0139212155812	0.0	0.0	0.0	0.938123051249	0.00529181854113	0.0	0.0263053884327	0.0	0.0	2.19577532827e-05	0.0	0.0	0.0
A160VFHD.04	0.0	0.000148901848865	0.0103610869835	0.0156843280804	0.0	0.0	0.0	0.944968358357	0.0069115274848	0.0	0.0219257972453	0.0	0.0	0.0	0.0	0.0	0.0
B160V9RW.04	0.0	7.94849376043e-05	0.0104579467905	0.0479294173754	0.0	0.0	2.27099821727e-05	0.852737120601	0.0169757116741	0.0	0.0714796688885	0.0	0.0	0.000317939750417	0.0	0.0	0.0
B160TKMP.04	0.0	0.0	0.00711264004463	0.0640292563495	0.0	0.0	0.0	0.874048936203	0.0174949250771	0.0	0.0373142423256	0.0	0.0	0.0	0.0	0.0	0.0
A160VGBJ.04	0.0	6.91330712861e-05	0.00662689869042	0.0516917850159	0.0	0.0	0.0	0.796087068165	0.015219151836	0.0	0.130187449385	0.00011851383649	0.0	0.0	0.0	0.0	0.0
D160TL8J.04	0.0	0.0	0.00114289733265	0.0632110140137	0.0	0.0	0.0	0.898123890071	0.0196578341216	0.0	0.0175654528511	0.000281328574192	0.0	1.7583035887e-05	0.0	0.0	0.0
B160TMMM.04	0.0	0.000434554310236	0.0063372503576	0.0697459667928	0.0	0.0	0.0	0.760795958645	0.043926198193	0.0	0.117764218074	0.0	0.0	0.000995853627623	0.0	0.0	0.0
E160VY6K.04	0.0	0.0	0.00226892319137	0.0116049841919	0.0	0.0	0.0	0.985233401525	7.43909243072e-05	0.0	0.000799702436303	0.0	0.0	1.85977310768e-05	0.0	0.0	0.0
D160VBP9.04	0.0	0.0	0.00820716953284	0.0540398506161	0.0	0.0	0.0	0.914484424268	0.0172641277367	0.0	0.00507636916609	0.0	0.0	0.000928058680144	0.0	0.0	0.0
C160TL19.04	0.0	0.000127674786783	0.00469843215362	0.0158316735611	0.0	0.0	0.0	0.967213114754	0.00536234104489	0.0	0.00666462387008	0.000102139829426	0.0	0.0	0.0	0.0	0.0
E160WJ72.04	0.0	1.66118475697e-05	0.00867138443138	0.00343865244693	0.0	0.0	0.0	0.975314794511	0.00232565865976	0.0	0.0102328981029	0.0	0.0	0.0	0.0	0.0	0.0
D160TQ8W.04	0.0	0.0	0.00110698593276	0.0114445314895	0.0	0.0	0.0	0.986954596546	1.70305528117e-05	0.0	0.000476855478729	0.0	0.0	0.0	0.0	0.0	0.0
C160PX6Y.04	0.0	0.0	0.0932353366079	0.00102932678417	0.0	0.0	1.80583646345e-05	0.90562698642	0.0	0.0	9.02918231725e-05	0.0	0.0	0.0	0.0	0.0	0.0
B160QB34.04	0.0	3.26285565127e-05	0.0789284782041	0.091523101018	0.0	0.0	0.0	0.475920125294	0.319400939702	0.0	0.0302793004437	0.0	0.0	0.00391542678152	0.0	0.0	0.0
A160PSBG.04	0.0	0.00484834151245	0.0721141528213	0.154752754292	0.0	0.0	0.0	0.766806598475	0.000335047990697	0.0	0.00100514397209	0.0	0.0	0.000137960937346	0.0	0.0	0.0
E160V2JR.04	0.0	2.12571477159e-05	0.0275067491444	0.0396020661948	0.0	0.0	0.0	0.914673809068	0.00231702910104	0.0	0.0132857173224	0.0	0.0	0.00259337202134	0.0	0.0	0.0
E160TK7B.04	0.0	1.67226876704e-05	0.0201173932674	0.0256860482617	0.0	0.0	1.67226876704e-05	0.925684375993	0.0189300824429	0.0	0.00946504122143	0.0	0.0	8.36134383518e-05	0.0	0.0	0.0
D160TL78.04	0.0	0.0	0.000409556313993	0.00860068259386	0.0	0.0	0.0	0.967341676147	0.0213576033371	0.0	0.00224497535078	3.03375047402e-05	0.0	1.51687523701e-05	0.0	0.0	0.0
B160Q670.04	0.0	4.53274911234e-05	0.093586160006	0.0955050237969	0.0	0.0	0.0	0.810803052051	0.0	0.0	6.04366548312e-05	0.0	0.0	0.0	0.0	0.0	0.0
B160VM92.04	0.0	6.0590453974e-05	0.00284775133678	0.125407092113	0.0	0.0	0.0	0.809624793614	0.0327339927594	0.0	0.0292954844964	0.0	0.0	3.0295226987e-05	0.0	0.0	0.0
B160VWJQ.04	0.0	0.0	0.00046719269103	0.0237057032115	0.0	0.0	0.0	0.973352713178	0.000830564784053	0.0	0.0015227021041	0.000121124031008	0.0	0.0	0.0	0.0	0.0
E160TRCG.04	0.0	0.0	0.00734743060352	0.0440551938987	0.0	0.0	0.0	0.947715683825	5.87794448281e-05	0.0	0.000822912227594	0.0	0.0	0.0	0.0	0.0	0.0
A160TSNQ.04	0.0	5.8302238806e-05	0.0029588386194	0.121676772388	0.0	0.0	0.0	0.785112523321	0.0495860541045	0.0	0.0406075093284	0.0	0.0	0.0	0.0	0.0	0.0
E160TJZB.04	0.0	0.000112699336952	0.0280621349011	0.0696294070137	0.0	0.0	0.0	0.832697834294	0.0151204943744	0.0	0.0532504367099	9.39161141269e-05	0.0	0.0010330772554	0.0	0.0	0.0
A160WTHX.04	0.0	0.0	0.0193893947509	0.0127477236208	0.0	0.0	0.0	0.949523299411	0.00895554365292	0.0	0.00936261381896	0.0	0.0	2.14247455811e-05	0.0	0.0	0.0
E160VKFR.04	0.0	5.60349658187e-05	0.00470693712877	0.0204154058799	0.0	0.0	3.73566438791e-05	0.866935634503	0.00472561545071	0.0	0.102992267175	0.0	0.0	9.33916096978e-05	0.0	0.0	3.73566438791e-05
D160PSDD.04	0.0	1.76622275601e-05	0.0305733159066	0.0761595252393	0.0	0.0	0.0	0.893249496627	0.0	0.0	0.0	0.0	0.0	0.0	0.0	0.0	0.0
C160VTDG.04	0.0	4.83301918709e-05	0.00159489633174	0.0386802635606	0.0	0.0	0.0	0.951879238961	0.00241650959354	0.0	0.00531632110579	3.22201279139e-05	0.0	3.22201279139e-05	0.0	0.0	0.0
C160Q8L5.04	0.0	0.0	0.031389858661	0.0105811968441	0.0	0.0	0.0	0.954660801895	0.0	0.0	0.00324510542748	0.0	0.0	0.000123037172606	0.0	0.0	0.0
B160W4SH.04	0.0	0.0	0.000881024237539	0.00959754063021	0.0	0.0	0.0	0.982829399966	0.00654207359364	0.0	0.000149961572347	0.0	0.0	0.0	0.0	0.0	0.0
B160Q7YH.04	0.0	0.0	0.00174271955973	4.58610410456e-05	0.0	0.0	0.0	0.99808912329	0.0	0.0	0.000122296109455	0.0	0.0	0.0	0.0	0.0	0.0
E160V0RD.04	0.0	0.0	0.00634311845405	0.107144613266	0.0	0.0	0.000344200226189	0.798495353297	0.0573339233909	0.0	0.0300929340611	0.0	0.0	0.000245857304421	0.0	0.0	0.0
B160VBR3.04	0.0	0.0	0.00204904745231	0.0211907818802	0.0	0.0	7.78119285686e-05	0.944507126276	0.0302299342489	0.0	0.00194529821422	0.0	0.0	0.0	0.0	0.0	0.0
A160WZN1.04	0.0	0.000204734484965	0.00977607165707	0.0407933461292	0.0	0.0	0.0	0.867818298145	0.00406909788868	0.0	0.0769801663468	0.000281509916827	0.0	7.67754318618e-05	0.0	0.0	0.0
C160VM9Z.04	0.0	0.000163937412339	0.00721324614292	0.127616167872	0.0	0.0	0.0	0.744986247473	0.0496183901346	0.0	0.0703473651615	0.0	0.0	5.4645804113e-05	0.0	0.0	0.0
A160TX75.04	0.0	7.70514960832e-05	0.000924617952999	0.0395274174907	0.0	0.0	0.0	0.891100552202	0.00891228971363	0.0	0.0593810196481	0.0	0.0	7.70514960832e-05	0.0	0.0	0.0
E160QCV7.04	0.0	0.0	0.007534317267	0.000176931129558	0.0	0.0	0.0	0.992185541778	0.0	0.0	0.000103209825575	0.0	0.0	0.0	0.0	0.0	0.0
C160Q97D.04	0.0	1.43237746011e-05	0.000587274758644	0.0914286532787	0.0	0.0	0.0	0.907640301372	5.72950984043e-05	0.0	0.000257827942819	0.0	0.0	0.0	1.43237746011e-05	0.0	0.0
D160WJ8C.04	0.0	0.0	0.0107719515836	0.0189944647328	0.0	0.0	0.0	0.957050001148	0.00057419784561	0.0	0.0126093846896	0.0	0.0	0.0	0.0	0.0	0.0
E160TQH5.04	0.0	1.1538816579e-05	0.000242315148158	0.0305894027509	0.0	0.0	0.0	0.96846441429	0.000357703313948	0.0	0.00033462568079	0.0	0.0	0.0	0.0	0.0	0.0
E160QC5X.04	0.0	0.0	0.000499868784444	0.0109596230989	0.0	0.0	0.0	0.987853188538	0.0	0.0	0.000612339260944	0.0	0.0	0.0	7.49803176666e-05	0.0	0.0
D160QF9R.04	0.0	0.0	0.00336285608149	0.0	0.0	0.0	0.0	0.996343871586	0.0	0.0	0.000293272332688	0.0	0.0	0.0	0.0	0.0	0.0
E160V0YJ.04	0.0	4.39914949776e-05	0.00504435809077	0.100080651074	0.0	0.0	0.0	0.837422098394	0.0329642935699	0.0	0.0243272967226	1.46638316592e-05	0.0	0.000102646821614	0.0	0.0	0.0
C160X7TL.04	0.0	0.0	0.00163129112985	0.138937807026	0.0	0.0	0.0	0.769153767726	0.0356844934656	0.0	0.0510890722032	0.00274353508203	0.0	0.000760033367319	0.0	0.0	0.0
C160V9WS.04	0.0	6.84584525651e-05	0.00104056847899	0.157221682161	9.58418335912e-05	0.0	0.0	0.78008406698	0.0491531689418	0.0	0.0122677546997	0.0	0.0	6.84584525651e-05	0.0	0.0	0.0
C160WH7T.04	0.0	1.96286263887e-05	0.000176657637499	0.0477957052565	0.0	0.0	0.0	0.930357633573	0.013936324736	0.0	0.00722333451105	0.000353315274997	0.0	0.000137400384721	0.0	0.0	0.0
D160TYYV.04	0.0	0.000213680286806	0.019611101878	0.175526484484	0.0	0.0	0.0	0.608205323013	0.0486953631378	0.0	0.14670338802	0.0	0.0	0.00104465917994	0.0	0.0	0.0
E160VB87.04	0.0	4.33130123117e-05	0.00334593020108	0.0234539961668	0.0	0.0	0.0	0.949746077465	0.00580394364977	0.0	0.0174876287209	0.0	0.0	0.000119110783857	0.0	0.0	0.0
B160T9RY.04	0.0	2.12170075533e-05	0.00309768310278	0.152147161164	0.0	0.0	0.0	0.713634049054	0.0296613765595	0.0	0.101247560044	0.0	0.0	0.000190953067979	0.0	0.0	0.0
D160W0VN.04	0.0	4.3240905897e-05	0.0047024485163	0.0272417707151	0.0	0.0	0.0	0.940532944165	0.00210799416248	0.0	0.0248635208908	0.0	0.0	0.000508080644289	0.0	0.0	0.0
E160TQS0.04	0.0	0.0	0.00643146758634	0.00540616115953	0.0	0.0	0.0	0.982255208091	0.0	0.0	0.00588386074475	0.0	0.0	2.33024187911e-05	0.0	0.0	0.0
C160V6VY.04	0.0	6.00444328803e-05	0.011548545924	0.0238576546645	0.0	0.0	0.0	0.937854011969	0.00180133298641	0.0	0.0246382322919	4.00296219202e-05	0.0	0.000200148109601	0.0	0.0	0.0
A160V3G4.04	0.0	7.75915580385e-05	0.00349162011173	0.0210893854749	0.0	0.0	0.0	0.906517690875	0.00626939788951	0.0	0.0621663563004	0.0	0.0	0.000387957790192	0.0	0.0	0.0
B160QHK2.04	0.0	0.0	0.0382780632821	0.00379093402162	0.0	0.0	0.0	0.954405088378	0.0	0.0	0.00352591431798	0.0	0.0	0.0	0.0	0.0	0.0
A160TN59.04	0.0	8.72737428217e-05	0.00809900333386	0.116161351696	0.0	0.0	0.0	0.800439859664	0.00665025920302	0.0	0.0668865964986	0.00092510167391	0.0	0.000750554188267	0.0	0.0	0.0
D160WZF6.04	0.0	0.0	0.024943125315	0.0325582028962	0.0	0.0	0.0	0.844374514692	0.0220551173594	0.0	0.0757557181195	8.17360742164e-05	0.0	0.0	0.0	0.000231585543613	0.0
A160QHRN.04	0.0	0.0	0.0316310332016	5.06636943966e-05	0.0	0.0	0.0	0.968301415206	0.0	0.0	1.68878981322e-05	0.0	0.0	0.0	0.0	0.0	0.0
A160VXQM.04	0.0	0.0	0.00436212046329	0.00741345595977	0.0	0.0	0.0	0.987880611127	0.0	0.0	0.000343812450308	0.0	0.0	0.0	0.0	0.0	0.0
E160WDS2.04	0.0	0.0	0.00440328829254	0.0355664745346	0.0	0.0	0.0	0.953226873287	0.00383634130209	0.0	0.00275914202022	0.0	0.0	0.000207880563167	0.0	0.0	0.0
C160W7Z9.04	0.0	0.0	0.00246251715425	0.00134668906873	0.0	0.0	0.0	0.99569059498	0.0	0.0	0.000474547576601	0.0	0.0	2.56512203568e-05	0.0	0.0	0.0
C160TY4R.04	0.0	5.2226821084e-05	0.0131350455026	0.00830406455235	0.0	0.0	0.0	0.978116961966	0.000235020694878	0.0	0.000156680463252	0.0	0.0	0.0	0.0	0.0	0.0
C160QKH9.04	0.0	0.0	0.000226074915575	0.0	0.0	0.0	0.0	0.805547313241	0.0	0.0	0.194226611843	0.0	0.0	0.0	0.0	0.0	0.0
B160QBKG.04	0.0	0.0	0.00249546588848	0.00156818894631	0.0	0.0	0.0	0.994790885413	8.18185537207e-05	0.0	0.00106364119837	0.0	0.0	0.0	0.0	0.0	0.0
B160TX8F.04	0.0	1.29227349676e-05	0.000943359652637	0.0195262525361	0.0	0.0	0.0	0.975847408346	0.00246824237882	0.0	0.00100797332748	0.0	0.0	0.000193841024514	0.0	0.0	0.0
D160W0DT.04	0.0	0.000421333520593	0.00242266774341	0.0274744566553	0.0	0.0	0.0	0.941838418595	0.00684666970963	0.0	0.0199255644114	0.0	0.0	0.00107088936484	0.0	0.0	0.0
D160TZM9.04	0.0	3.38764863308e-05	0.0041159930892	0.019970188692	0.0	0.0	0.0	0.906992106779	0.00103323283309	0.0	0.0677360344185	0.0	0.0	0.000118567702158	0.0	0.0	0.0
B160V63Z.04	0.0	1.61924963972e-05	0.0213093252587	0.0776430202244	0.0	0.0	0.0	0.695241025309	0.00427481904885	0.0	0.201143190246	0.0	0.0	0.000372427417135	0.0	0.0	0.0
C160VB7B.04	0.0	0.0	0.00300286155042	0.0219503291372	0.0	0.0	0.0	0.970889906852	0.0	0.0	0.00415690245999	0.0	0.0	0.0	0.0	0.0	0.0
C160WTFF.04	0.0	0.0	0.00201340066673	0.154817308644	0.0	0.0	0.0	0.837393141235	0.000544608377067	0.0	0.00516552794006	0.0	0.0	6.60131366142e-05	0.0	0.0	0.0
B160TN6K.04	0.0	0.000103737514449	0.00247488070186	0.123936690477	0.0	0.0	0.0	0.842630190581	0.00330478081745	0.0	0.0272681466552	5.92785796852e-05	0.0	0.00022229467382	0.0	0.0	0.0
C160TVYQ.04	0.0	0.0	0.000530693851356	0.0241774245304	0.0	0.0	0.000246834349468	0.92101300817	0.0504899661837	0.0	0.00352973119739	0.0	0.0	1.23417174734e-05	0.0	0.0	0.0
A160TBNQ.04	0.0	1.41679181661e-05	0.00738148536454	0.029681788558	0.0	0.0	0.0	0.785101017257	0.00575217477544	0.0	0.171460145646	0.000609220481143	0.0	0.0	0.0	0.0	0.0
D160TRZG.04	0.0	1.4903573877e-05	0.0343974485082	0.0792870130257	0.0	0.0	0.0	0.872321082596	0.000134132164893	0.0	0.013696384393	0.0	0.0	0.00014903573877	0.0	0.0	0.0
D160TS0H.04	0.0	0.0	0.078783588473	0.0664248001652	0.0	0.0	0.0	0.826180573991	0.0161342654042	0.0	0.0109724803115	0.0	0.0	0.00150429165561	0.0	0.0	0.0
B160QL75.04	0.0	0.0	0.0221796614358	0.00370690720376	0.0	0.0	0.0	0.972924131966	4.6336340047e-05	0.0	0.00111207216113	0.0	0.0	0.0	3.08908933646e-05	0.0	0.0
B160Q7XL.04	0.0	0.0	0.0732649483867	0.00110368110108	0.0	0.0	0.0	0.92540414205	0.0	0.0	0.000227228461988	0.0	0.0	0.0	0.0	0.0	0.0
C160TZKH.04	0.0	0.0	0.0039076699382	0.00783351508542	0.0	0.0	0.0	0.986604870956	0.0	0.0	0.000490730643402	0.0	0.0	0.00116321337695	0.0	0.0	0.0
A160VJ7R.04	0.0	0.0	0.00120627261761	0.00297260037911	0.0	0.0	0.0	0.995045666035	4.30811649147e-05	0.0	0.000689298638635	0.0	0.0	4.30811649147e-05	0.0	0.0	0.0
A160VLCH.04	0.0	0.0	0.00599756348983	0.00726936824772	0.0	0.0	0.0	0.968445854586	0.000749695436229	0.0	0.0175375182404	0.0	0.0	0.0	0.0	0.0	0.0
A160VDM5.04	0.0	0.0	0.00249960943603	1.9528198719e-05	0.0	0.0	0.0	0.997266052179	3.90563974379e-05	0.0	0.000175753788471	0.0	0.0	0.0	0.0	0.0	0.0
E160P8SV.04	0.0	0.0	0.00500587108337	0.00142142018417	0.0	0.0	0.0	0.993449106977	0.0	0.0	4.12005850483e-05	0.0	0.0	0.0	8.24011700966e-05	0.0	0.0
F160V00X.04	0.0	1.4555193293e-05	0.0066226129483	0.0391534699581	0.0	0.0	0.0	0.932493013507	0.000203772706102	0.0	0.021512575687	0.0	0.0	0.0	0.0	0.0	0.0
J160Q8CD.04	0.0	0.00237361892113	0.000791206307045	0.149156517562	0.0	0.0	0.0	0.552332645737	0.2171720026	0.0	0.0779903359801	0.000183672892707	0.0	0.0	0.0	0.0	0.0
G160TYJF.04	0.0	0.00245281982757	0.00772455199429	0.0113488678589	0.0	0.0	0.0	0.848693964965	0.0069374530944	0.0	0.122586077502	0.0	0.0	0.000256264758104	0.0	0.0	0.0
J160QKFH.04	0.0	0.0	0.0280490923038	0.0834313474815	0.0	0.0	0.0	0.820173868576	0.00457683456916	0.0	0.0624648427512	2.55689082076e-05	0.0	0.00127844541038	0.0	0.0	0.0
F160VK3C.04	0.0	0.000717441377487	0.0680058905713	0.0755767851074	0.0	0.0	0.0	0.754710569044	0.0354944681494	0.0	0.0654004455689	0.0	0.0	9.44001812483e-05	0.0	0.0	0.0
F160V5RN.04	0.0	4.45672519832e-05	0.00132216180884	0.0874706598924	0.0	0.0	0.0	0.78450248091	0.11168553347	0.0	0.014944885165	0.0	0.0	2.97115013222e-05	0.0	0.0	0.0
H160TYHJ.04	0.0	1.60766534838e-05	0.0282306035176	0.00852062634642	0.0	0.0	0.0	0.963184463522	1.60766534838e-05	0.0	3.21533069676e-05	0.0	0.0	0.0	0.0	0.0	0.0
K160QJVW.04	0.0	0.0	0.0483241394884	0.000951643601406	0.0	0.0	0.0	0.945482112326	0.0	0.0	0.00517758637375	0.0	0.0	6.45182102648e-05	0.0	0.0	0.0
J160TQTY.04	0.0	0.0	0.036986786941	0.000122229963453	0.0	0.0	0.0	0.962866537103	0.0	0.0	2.44459926906e-05	0.0	0.0	0.0	0.0	0.0	0.0
F160V2HV.04	0.0	0.0	0.0592134650776	0.116264941841	0.0	0.0	0.0	0.824432254722	8.93383601051e-05	0.0	0.0	0.0	0.0	0.0	0.0	0.0	0.0
F160VK4B.04	0.0	0.00202868135712	0.0234522560336	0.0460825463449	0.0	0.0	1.74886323889e-05	0.84802378454	0.0393144456104	0.0	0.0406086044071	0.0	0.0	0.000472193074502	0.0	0.0	0.0
J160WXFF.04	0.0	0.00260409885159	0.00937475586573	0.0667430535663	0.0	0.0	2.60409885159e-05	0.811098669305	0.0503893127783	0.0	0.0563006171714	0.0022916069894	0.0	0.00117184448322	0.0	0.0	0.0
G160W213.04	0.0	0.00257268956952	0.00663132914902	0.0343764554548	0.0	0.0	4.43567167158e-05	0.786710727672	0.00915966200182	0.0	0.158708332409	0.000931491051032	0.0	0.000864955975959	0.0	0.0	0.0
K160W2Z7.04	0.0	0.0	0.00870205074063	0.029097482164	0.0	0.0	0.0	0.961048725086	3.19928336053e-05	0.0	0.00111974917618	0.0	0.0	0.0	0.0	0.0	0.0
G160VTFC.04	0.0	0.00465093018604	0.00152530506101	0.0579365873175	0.0	0.0	0.0	0.808361672334	0.0358321664333	0.0	0.0899929985997	0.00152530506101	0.0	0.000175035007001	0.0	0.0	0.0
K160W5M2.04	0.0	0.00278597568174	0.01324518947	0.0521544091607	0.0	0.0	0.0	0.879376696966	0.00970369495927	0.0	0.0407980167631	0.0	0.0	0.00193601699917	0.0	0.0	0.0
K160W1Y8.04	0.0	0.00537392580668	0.0115527568003	0.0716839089984	0.0	0.0	0.0	0.71042352217	0.0467318482044	0.0	0.152624227646	7.10210459033e-05	0.0	0.0015387893279	0.0	0.0	0.0
K160WH8Q.04	0.0	0.001695944016	0.00271351042559	0.0352042273636	0.0	0.0	0.0	0.940981148243	0.00874750071408	0.0	0.010568409026	0.0	0.0	8.92602113682e-05	0.0	0.0	0.0
J160PF3C.04	0.0	0.0	5.28562178733e-05	0.000436063797455	0.0	0.0	0.0	0.999445009712	1.32140544683e-05	0.0	5.28562178733e-05	0.0	0.0	0.0	0.0	0.0	0.0
J160THHM.04	0.0	0.0	6.22598548456e-05	9.78369147574e-05	0.0	0.0	0.0	0.9998221147	0.0	0.0	1.77885299559e-05	0.0	0.0	0.0	0.0	0.0	0.0
G160W0NV.04	0.0	0.00130293159609	0.0174196289477	0.0878345843365	0.0	0.0	0.00274748619176	0.585044611245	0.141424727376	0.00022659679932	0.161960062314	0.000566491998301	0.0	0.00147287919558	0.0	0.0	0.0
J160VWL0.04	0.0	0.0	0.009133338698	0.10589844693	0.0	0.0	0.0	0.772109117245	0.0380220487648	0.0	0.0742737587511	0.0	0.0	0.00056328961133	0.0	0.0	0.0
K160TL26.04	0.0	0.000524881396992	0.0288281013425	0.0509942464924	0.0	0.0	0.0	0.866659937418	0.0240839810235	0.0	0.0284041586757	0.000181689714343	0.0	0.00032300393661	0.0	0.0	0.0
G160QB41.04	0.0	0.000190661808321	0.0089611049911	0.0668587407847	0.0	0.0	0.0	0.872489619524	0.0323065841878	0.0	0.0185789339886	0.0	0.0	0.000614354715702	0.0	0.0	0.0
G160WLV2.04	0.0	0.000821617673909	0.0111603067373	0.0126209603798	0.0	0.0	0.0	0.933836954537	0.00627624612014	0.0	0.0352154464123	0.0	0.0	6.84681394924e-05	0.0	0.0	0.0
F160TQVV.04	0.0	1.88167996387e-05	0.0299939786241	0.000809122384465	0.0	0.0	0.0	0.96146319434	1.88167996387e-05	0.0	0.00769607105224	0.0	0.0	0.0	0.0	0.0	0.0
F160QH07.04	0.0	0.0	0.00229212287416	0.042813580828	0.0	0.0	0.0	0.953952888689	0.0	0.0	0.000757219163784	0.0	0.0	0.000184188445245	0.0	0.0	0.0
F160W3YM.04	0.0	6.12870275792e-05	0.00326864147089	0.0130745658836	0.0	0.0	0.0	0.983432073544	0.000143003064351	0.0	2.04290091931e-05	0.0	0.0	0.0	0.0	0.0	0.0
J160QFTL.04	0.0	0.0	0.0177189364203	0.0101124343024	0.0	0.0	0.0	0.972102100104	4.43527820283e-05	0.0	2.21763910141e-05	0.0	0.0	0.0	0.0	0.0	0.0
H160V7FQ.04	0.0	3.40732916503e-05	0.00722353782987	0.0168662793669	0.0	0.0	0.0	0.95964018604	0.000851832291258	0.0	0.0153840911801	0.0	0.0	0.0	0.0	0.0	0.0
K160TL01.04	0.0	0.000828936251614	0.00165787250323	0.0332371554734	0.0	0.0	0.0	0.913089222235	0.0205958776363	0.0	0.0305112304921	0.0	0.0	7.9705408809e-05	0.0	0.0	0.0
K160W0Q4.04	0.0	0.000374610756011	0.0115192807473	0.125705321814	0.0	0.0	0.0	0.836833602585	0.00917796352228	0.0	0.0156399990635	0.0	0.0	0.000749221512023	0.0	0.0	0.0
H160VH7S.04	0.0	0.00259972546899	0.0208393993594	0.0408468865688	0.0	0.0	0.0	0.78303731126	0.0155983528139	0.0	0.136849548688	4.15956075038e-05	0.0	0.000187180233767	0.0	0.0	0.0
K160V156.04	0.0	0.000726830622035	0.00348878698577	0.0377951923458	0.0	0.0	0.0	0.928440221485	0.0107835234106	0.0	0.0187125847418	2.64302044376e-05	0.0	2.64302044376e-05	0.0	0.0	0.0
H160W617.04	0.0	2.07934791649e-05	0.0526490892456	0.0128711636031	0.0	0.0	0.0	0.904225234966	0.0246402728104	0.0	0.00449139149963	0.0	0.0	0.00110205439574	0.0	0.0	0.0
H160V7CX.04	0.0	0.0	0.00595317428584	0.0137130333052	0.0	0.0	0.0	0.970500688613	0.00712307669525	0.0	0.00265079153524	0.0	0.0	5.92355650332e-05	0.0	0.0	0.0
J160TL6C.04	0.0	2.17504785105e-05	0.00319732034105	0.088915956151	0.0	0.0	0.0	0.900078301723	0.00400208804594	0.0	0.00363232991126	0.0	0.0	0.000152253349574	0.0	0.0	0.0
J160WR76.04	0.0	0.00033264033264	0.000731808731809	0.0659958419958	0.0	0.0	0.0	0.917305613306	0.00572141372141	0.0	0.00987941787942	0.0	0.0	3.3264033264e-05	0.0	0.0	0.0
G160TZP3.04	0.0	0.00159103322172	0.06406877063	0.158438412766	0.0	0.0	0.0	0.688679917361	0.0148654745791	0.0	0.0722139108546	0.0	0.0	0.00014248058702	0.0	0.0	0.0
H160W0MY.04	0.0	0.00035060654933	0.00296262534184	0.0904214290723	0.0	0.0	1.75303274665e-05	0.823679966342	0.0489972652689	0.0	0.0332375008765	1.75303274665e-05	0.0	0.000315545894397	0.0	0.0	0.0
F160T71M.04	0.0	3.93224737768e-05	0.00056034525132	0.0128879407804	0.0	0.0	0.0	0.972631558251	0.00368648191658	0.0	0.0101746900898	0.0	0.0	1.96612368884e-05	0.0	0.0	0.0
K160V9N6.04	0.0	0.000275024064606	0.0026252297076	0.0655432350331	0.0	0.0	0.000112509844611	0.861850411911	0.0519295438351	0.0	0.0174265248209	0.0	0.0	0.000237520783069	0.0	0.0	0.0
J160X7Y8.04	0.0	0.00119375202331	0.00590806086112	0.07399239236	0.0	0.0	0.0	0.874008578828	0.0119375202331	0.0	0.028306086112	0.00406685011331	0.0	0.000586759469084	0.0	0.0	0.0
H160V9P3.04	0.0	0.000969039197636	0.00365004764443	0.02868356025	0.0	0.0	0.0	0.898541596008	0.0161506532939	0.0	0.0514721320477	0.0	0.0	0.000516820905406	0.0	0.0	1.61506532939e-05
F160WXGB.04	0.0	0.00061433447099	0.00607508532423	0.0451706484642	0.0	0.0	0.0	0.907918088737	0.0275938566553	0.0	0.0119795221843	0.00042662116041	0.0	0.000221843003413	0.0	0.0	0.0
G160X7ZK.04	0.0	0.00073719906481	0.0129957663711	0.0452429597489	0.0	0.0	6.31884912695e-05	0.907239294816	0.00838300650841	0.0	0.0243065063083	0.00080038755608	0.0	0.000231691134655	0.0	0.0	0.0
J160VTC5.04	0.0	5.94259453677e-05	0.0185210863063	0.053007943268	0.0	0.0	3.96172969118e-05	0.791731870135	0.0902680110136	0.0	0.0463126200899	0.0	0.0	5.94259453677e-05	0.0	0.0	0.0
H160TXRY.04	0.0	0.00437706277908	0.00314160151079	0.0645793254381	0.0	0.0	0.0	0.857004182919	0.0435588344305	0.0	0.0264388711414	0.000141195573519	0.0	0.000741276760974	0.0	0.0	1.76494466898e-05
F160V4F8.04	0.0	2.50279478751e-05	0.00143493567817	0.00388767456994	0.0	0.0	0.0	0.992666811273	0.000433817763169	0.0	0.00155173276826	0.0	0.0	0.0	0.0	0.0	0.0
J160V0BH.04	0.0	6.29082483198e-05	0.00319783595626	0.0362141816161	0.0	0.0	0.0	0.939471780408	0.0118162659761	0.0	0.00835631231848	0.0	0.0	0.000880715476478	0.0	0.0	0.0
J160TMKR.04	0.0	0.0	0.00293939189645	0.0195914514933	0.0	0.0	0.0	0.961329468078	0.0123103889975	0.0	0.00326299467404	0.000188768286928	0.0	0.000377536573856	0.0	0.0	0.0
J160TKYS.04	0.0	0.000732547066149	0.00503015652089	0.0865870632188	0.0	0.0	0.0	0.822088735868	0.0451493175103	0.0	0.0399726515762	0.000390691768613	0.0	4.88364710766e-05	0.0	0.0	0.0
G160TQBP.04	0.0	0.000146420679924	0.00114474349759	0.0212709315017	0.0	0.0	0.0	0.97092883955	0.000452573010675	0.0	0.0060298698187	0.0	0.0	2.66219418044e-05	0.0	0.0	0.0
H160W0TC.04	0.0	0.000605546808768	0.00115918960536	0.0639803456807	0.0	0.0	5.19040121801e-05	0.905638505857	0.00640149483555	0.0	0.022076506514	0.0	0.0	8.65066869669e-05	0.0	0.0	0.0
H160WN1B.04	0.0	0.0	0.00250090612541	0.0698079014136	0.0	0.0	0.0	0.9220007249	0.000344327654947	0.0	0.0052917723813	0.0	0.0	5.43675244654e-05	0.0	0.0	0.0
K160X7VH.04	0.0	0.00107479710463	0.000899320026322	0.134788330774	0.0	0.0	0.0	0.761680193025	0.0531695547269	0.0	0.0443957008116	0.00333406448783	0.0	0.00065803904365	0.0	0.0	0.0
G160TMJH.04	0.0	0.0	0.0231347232511	0.00801142978093	0.0	0.0	0.0	0.946311779024	0.0	0.0	0.0225420679437	0.0	0.0	0.0	0.0	0.0	0.0
H160TK89.04	0.0	7.16486350935e-05	0.000399185252664	0.00134085302818	0.0	0.0	0.0	0.997062405961	6.14131157944e-05	0.0	0.0010644940071	0.0	0.0	0.0	0.0	0.0	0.0
F160V6Y6.04	0.0	0.0	0.000707086697272	0.00203683182945	0.0	0.0	0.0	0.997097778481	0.0	0.0	0.000137195926336	0.0	0.0	1.05535327951e-05	0.0	0.0	1.05535327951e-05
F160W5MZ.04	0.0	0.00183934953912	0.000585247580628	0.101331438246	0.0	0.0	0.0	0.86071107581	0.00079426457371	0.0	0.0346341157536	0.0	0.0	0.000104508496541	0.0	0.0	0.0
H160QJ2T.04	0.0	0.004023072076	0.000363530609277	0.160413940187	0.0	0.0	0.0	0.689520624303	0.0702098783384	0.0	0.0745480102758	0.000920944210169	0.0	0.0	0.0	0.0	0.0
H160TYXY.04	0.0	0.0	0.0065038961039	0.0827844155844	0.0	0.0	0.0	0.898888311688	0.00667012987013	0.0	0.00515324675325	0.0	0.0	0.0	0.0	0.0	0.0
J160W0FQ.04	0.0	0.000149900690792	0.00188625035914	0.0934131138121	0.0	0.0	0.0	0.877556119071	0.00254831174347	0.0	0.0243338788053	0.0	0.0	0.000112425518094	0.0	0.0	0.0
J160WMY7.04	0.0	2.14219918168e-05	0.00272059296073	0.275958098584	0.0	0.0	0.0	0.711188706326	0.00379169255157	0.0	0.00631948758596	0.0	0.0	0.0	0.0	0.0	0.0
H160VRXJ.04	0.0	0.000152124674622	0.0011662891721	0.147865183733	0.0	0.0	0.0	0.841367769852	0.00307629897569	0.0	0.00630472262601	0.0	0.0	6.76109664988e-05	0.0	0.0	0.0
G160W1WD.04	0.0	0.0	0.000563347449396	0.30649986402	0.0	0.0	0.0	0.682874237538	0.00277788569875	0.0	0.00697385290804	0.0	0.0	0.000310812385874	0.0	0.0	0.0
J160Q69Q.04	0.0	0.0	0.00193145064515	0.0	0.0	0.0	0.0	0.638864444165	0.0	0.0	0.354678339181	0.0	0.0	0.0	0.00452576600875	0.0	0.0
G160Q7CP.04	0.0	0.0	0.00118020404417	0.0573185764117	0.0	0.0	0.0	0.937134464581	0.0	0.0	0.000157360539222	0.0	0.0	0.00375042618479	0.000458968239398	0.0	0.0
G160TX68.04	0.0	0.0	0.0265499303562	0.00511668893374	0.0	0.0	0.0	0.966457261434	0.0	0.0	0.0018761192757	0.0	0.0	0.0	0.0	0.0	0.0
J160WCJ6.04	0.0	9.5469950833e-05	0.00176619409041	0.0983579168457	0.0	0.0	0.0	0.887894410234	0.000644422168123	0.0	0.0112415867106	0.0	0.0	0.0	0.0	0.0	0.0
F160V0S9.04	0.0	0.000177725118483	0.000612164296998	0.149447077409	0.0	0.0	0.0	0.844056082148	0.000276461295419	0.0	0.00527251184834	0.0	0.0	0.000157977883096	0.0	0.0	0.0
G160VK9H.04	0.0	0.0	0.0156859179104	0.0017731907203	0.0	0.0	0.0	0.979335508144	0.00289848483126	0.0	0.000306898393898	0.0	0.0	0.0	0.0	0.0	0.0
F160V3WP.04	0.0	0.0	0.000295255248162	0.0220703298001	0.0	0.0	0.0	0.966045646461	0.00974342318935	0.0	0.00171248043934	0.0	0.0	0.0	0.0	0.0	0.000132864861673
F160TTHB.04	0.0	0.0	0.771150814503	0.00814503415659	0.0	0.0	0.0	0.110614818707	0.0	0.0	0.110089332633	0.0	0.0	0.0	0.0	0.0	0.0
K160Q6XC.04	0.0	2.80343701378e-05	0.0169047251931	8.41031104134e-05	0.0	0.0	0.0	0.98280091392	0.0	0.0	0.000182223405896	0.0	0.0	0.0	0.0	0.0	0.0
F160QGS1.04	0.0	0.0	3.95924615953e-05	1.31974871984e-05	0.0	0.0	0.0	0.626590297207	0.0	0.0	0.373356912844	0.0	0.0	0.0	0.0	0.0	0.0
G160QJ47.04	0.0	0.00201283547258	0.000918903150525	0.13926487748	0.0	0.0	0.0	0.803908984831	0.0	0.0	0.053077596266	0.0	0.0	0.000816802800467	0.0	0.0	0.0
K160QC29.04	0.0	0.0	0.0	0.0	0.0	0.0	0.0	0.999908404987	0.0	0.0	9.15950126516e-05	0.0	0.0	0.0	0.0	0.0	0.0
K160QF7P.04	0.0	1.42689991724e-05	0.00483719071944	0.00408093376331	0.0	0.0	0.0	0.989683513598	1.42689991724e-05	0.0	0.00131274792386	0.0	0.0	5.70759966896e-05	0.0	0.0	0.0
K160QGVG.04	0.0	0.0	0.00703240553987	0.00348258706468	0.0	0.0	0.0	0.987629420465	0.0	0.0	0.0018018018018	0.0	0.0	4.0338846309e-05	1.3446282103e-05	0.0	0.0
H160PW3Z.04	0.0	0.0	0.000422678088368	1.40892696123e-05	0.0	0.0	0.0	0.998083859333	0.0	0.0	0.00142301623084	0.0	0.0	0.0	0.0	0.0	5.63570784491e-05
F160QF36.04	0.0	0.0	0.00162810297272	0.0	0.0	0.0	0.0	0.82083205639	0.0	0.0	0.177539840637	0.0	0.0	0.0	0.0	0.0	0.0
F160QGR4.04	0.0	0.0	0.000125830769055	1.14391608232e-05	0.0	0.0	0.000205904894817	0.392271702948	0.0	0.0	0.607385122227	0.0	0.0	0.0	0.0	0.0	0.0
G160Q7FB.04	0.0	0.0	0.831949596655	0.0	0.0	0.0	0.0	0.163339810399	0.0	0.0	0.000603544721192	0.0	0.0	0.0	0.0041070482247	0.0	0.0
B160QYW2.04	0.0	0.0	0.00623901083319	5.67182803017e-05	0.0	0.0	0.0	0.993278883784	0.0	0.0	0.000382848392037	0.0	0.0	0.0	4.25387102263e-05	0.0	0.0
C160R3NM.04	0.0	0.0	0.0245935062949	0.0031347163464	0.0	0.0	0.0	0.972271777359	0.0	0.0	0.0	0.0	0.0	0.0	0.0	0.0	0.0
C160R7YF.04	0.0	2.53106887038e-05	0.00599863322281	0.0909159938242	0.0	0.0	0.0	0.892353640943	0.00764382798856	0.0	0.00275886506872	0.0	0.0	0.000303728264446	0.0	0.0	0.0
B160QX5Y.04	0.0	0.0	0.0	4.44016872641e-05	0.0	0.0	0.0	0.999111966255	0.0	0.0	0.000843632058018	0.0	0.0	0.0	0.0	0.0	0.0
B160Q1BF.04	0.0	0.0	0.0553548001013	0.0158123690934	0.0	0.0	0.0	0.928809814256	0.0	0.0	2.30165488987e-05	0.0	0.0	0.0	0.0	0.0	0.0
E160QX6V.04	0.0	2.45296440749e-05	0.00968920940957	0.0	0.0	0.0	0.0	0.982731130571	0.0	0.0	0.00755513037506	0.0	0.0	0.0	0.0	0.0	0.0
E160R9T4.04	0.0	0.0	0.0059925093633	0.000340483486551	0.0	0.0	0.0	0.891363068891	0.0	0.0	0.102303938259	0.0	0.0	0.0	0.0	0.0	0.0
B160Q468.04	0.0	9.40755897364e-05	0.00456266610221	0.0237540864084	0.0	0.0	0.0	0.969213763259	9.40755897364e-05	0.0	0.00228133305111	0.0	0.0	0.0	0.0	0.0	0.0
B160R730.04	0.0	1.61334559476e-05	0.00843779746059	0.00127454301986	0.0	0.0	0.0	0.989755255473	0.0	0.0	0.000516270590323	0.0	0.0	0.0	0.0	0.0	0.0
E160P8C1.04	0.0	0.0	0.00249613099695	2.49613099695e-05	0.0	0.0	0.0	0.997079526734	0.0	0.0	0.000399380959513	0.0	0.0	0.0	0.0	0.0	0.0
E160R77W.04	0.0	0.000362964429486	0.0292021381905	0.10624958754	0.0	0.0	0.0	0.751270375503	0.00963505576454	0.0	0.0963505576454	6.59935326338e-05	0.0	0.00686332739392	0.0	0.0	0.0
B160RP67.04	0.0	0.000161459594736	0.028618713167	0.10890449665	0.0	0.0	0.0	0.757164769516	0.0700734641156	0.0	0.034754177767	0.0	0.0	0.000322919189473	0.0	0.0	0.0
F160PMG2.04	0.0	0.0	0.00290059815444	3.00580119631e-05	0.0	0.0	0.0	0.996423096576	0.0	0.0	0.000646247257206	0.0	0.0	0.0	0.0	0.0	0.0
D160QYV5.04	0.0	8.74110592472e-05	0.00244750965892	0.00501739480079	0.0	0.0	0.0	0.991433716194	1.74822118494e-05	0.0	0.000996486075418	0.0	0.0	0.0	0.0	0.0	0.0
C160R8DM.04	0.0	2.18445541526e-05	0.004150465289	0.0338372143825	0.0	0.0	0.0	0.90126261523	0.0362838044476	0.0	0.0235921184849	0.0	0.0	0.000851937611953	0.0	0.0	0.0
C160R4CR.04	0.0	0.000299868058054	0.0117348366719	0.00263883891088	0.0	0.0	0.0	0.983707168846	0.0	0.0	0.00161928751349	0.0	0.0	0.0	0.0	0.0	0.0
D160S1QR.04	0.0	0.0	0.320526536118	0.441183310852	0.0	0.0	0.0	0.23549932555	4.65137913391e-05	0.0	0.00274431368901	0.0	0.0	0.0	0.0	0.0	0.0
C160RTMN.04	0.0	0.0	0.0019541036176	0.00383304940375	0.0	0.0	0.0	0.993937268263	0.0	0.0	0.000275578715302	0.0	0.0	0.0	0.0	0.0	0.0
B160QY4M.04	0.0	0.0	0.000247437256981	0.000141392718275	0.0	0.0	0.0	0.998939554613	0.0	0.0	0.000671615411806	0.0	0.0	0.0	0.0	0.0	0.0
B160RCBQ.04	0.0	0.000201865234769	0.00767087892123	0.0872865275142	0.0	0.0	0.0	0.751544269046	0.0287456094311	0.0	0.124308611571	0.000201865234769	0.0	4.03730469539e-05	0.0	0.0	0.0
A160RNZ9.04	0.0	0.000616835994194	0.0112119013062	0.0229317851959	0.0	0.0	0.0	0.940493468795	0.000507982583454	0.0	0.0241654571843	0.0	0.0	7.25689404935e-05	0.0	0.0	0.0
C160RHJZ.04	0.0	6.62317448753e-05	0.0482167102692	0.147200052985	0.0	0.0	0.0	0.597940192734	0.154286849687	0.0	0.0507004007021	0.0	0.0	0.00158956187701	0.0	0.0	0.0
C160R6YL.04	0.0	0.000291651476486	0.0320087495443	0.111702515494	0.0	0.0	0.0	0.740576011666	0.0594969012031	0.0	0.0547940211447	0.0	0.0	0.00113014947138	0.0	0.0	0.0
E160RSC0.04	0.0	8.62329151037e-05	0.0156081576338	0.109213986979	0.0	0.0	0.0	0.849739145432	0.0045703445005	0.0	0.0206958996249	0.0	0.0	8.62329151037e-05	0.0	0.0	0.0
A160QY9J.04	0.0	0.0	0.0210669165401	0.0589356683576	0.0	0.0	0.0	0.889721800381	0.0186112636919	0.0	0.0116643510291	0.0	0.0	0.0	0.0	0.0	0.0
D160QVQ7.04	0.0	0.0	0.000985316382687	0.0907452356348	0.0	0.0	0.0	0.902117228617	0.0	0.0	0.00615221936507	0.0	0.0	0.0	0.0	0.0	0.0
E160PMR8.04	0.0	0.0	0.0176583493282	0.00762955854127	0.0	0.0	0.0	0.973848368522	0.0	0.0	0.000863723608445	0.0	0.0	0.0	0.0	0.0	0.0
B160Q3DY.04	0.0	0.0	0.0825186115347	0.0963763566239	0.0	0.0	0.0	0.661628845636	0.124002152659	0.0	0.0354740335456	0.0	0.0	0.0	0.0	0.0	0.0
C160RSFD.04	0.0	0.0	0.0228234780711	0.283089679249	0.0	0.0	0.0	0.541610298931	0.125769146847	0.0	0.0260528038403	0.0	0.0	0.000654593061314	0.0	0.0	0.0
D160R8ZB.04	0.0	0.0	0.00806946759056	0.0486448557144	0.0	0.0	0.0	0.896535391632	0.0368564161039	0.0	0.00963073414613	0.0	0.0	0.000263134812736	0.0	0.0	0.0
A160PT6H.04	0.0	0.0	0.00104717617408	0.000461467466544	0.0	0.0	0.0	0.992101806823	0.0	0.0	0.00638954953676	0.0	0.0	0.0	0.0	0.0	0.0
B160QT0D.04	0.0	0.0	0.00561989100817	0.0	0.0	0.0	0.0	0.992979866788	0.0	0.0	0.00140024220406	0.0	0.0	0.0	0.0	0.0	0.0
C160RPWT.04	0.0	0.0	0.0103461802491	0.0465823281357	0.0	0.0	0.0	0.940153966853	7.35510444248e-05	0.0	0.00281945670295	0.0	0.0	0.0	2.45170148083e-05	0.0	0.0
C160RSV8.04	0.0	0.0	0.00209750066237	0.000132473726044	0.0	0.0	0.0	0.996688156849	0.0	0.0	0.0010818687627	0.0	0.0	0.0	0.0	0.0	0.0
B160RCDK.04	0.0	0.0	0.00345624475939	0.0429678712395	0.0	0.0	0.0	0.948340388981	0.0	0.0	0.00523549502014	0.0	0.0	0.0	0.0	0.0	0.0
C160RMDW.04	0.0	0.0	0.0624431120422	0.0096655349274	0.0	0.0	0.0	0.849570179874	0.0	0.0	0.0783211731561	0.0	0.0	0.0	0.0	0.0	0.0
C160QTQ7.04	0.0	2.87753222836e-05	0.0050932320442	0.0888006445672	0.0	0.0	0.0	0.866396178637	0.00250345303867	0.0	0.0339548802947	0.0	0.0	0.00322283609576	0.0	0.0	0.0
B160RCLQ.04	0.0	0.0	0.00295914894876	0.000266323405389	0.0	0.0	0.00062142127924	0.729060322251	0.0	0.000133161702694	0.173864796485	0.0	0.0	0.0	0.0928137067779	0.0	0.000281119150132
D160QN5G.04	0.0	0.0	0.000168518497714	0.0	0.0	0.0	0.0	0.990697778926	0.0	0.0	0.00913370257609	0.0	0.0	0.0	0.0	0.0	0.0
E160RMKP.04	0.0	0.0	0.112124829468	0.0	0.0	0.0	0.0	0.880115961801	0.0	0.0	0.00142110050023	0.0	0.0	0.0	0.00633810823101	0.0	0.0
C160QNBJ.04	0.0	0.0	3.34062703569e-05	0.0	0.0	0.0	0.0	0.999899781189	0.0	0.0	6.68125407139e-05	0.0	0.0	0.0	0.0	0.0	0.0
B160RCV0.04	0.0	0.0	1.48045064918e-05	1.48045064918e-05	0.0	0.0	0.0	0.995455016507	0.0	0.0	0.00442654744104	0.0	0.0	0.0	8.88270389507e-05	0.0	0.0
D160S1NY.04	0.0	0.0	9.42892164566e-05	0.0	0.0	0.0	0.0	0.602288084986	0.0	0.0	0.397617625798	0.0	0.0	0.0	0.0	0.0	0.0
C160RC57.04	0.0	0.0	0.0	0.0	0.0	0.0	0.0	0.994445646685	0.0	0.0	0.00555435331458	0.0	0.0	0.0	0.0	0.0	0.0
A160QVTC.04	0.0	0.0	0.00779091850829	2.15814917127e-05	0.0	0.0	0.0	0.496115331492	0.0	0.0	0.496072168508	0.0	0.0	0.0	0.0	0.0	0.0
B160PY48.04	0.0	0.0	4.48591422932e-05	0.000246725282613	0.0	0.0	0.0	0.967858424547	0.0	0.0	0.0173604880675	0.0	0.0	0.0	0.0144895029607	0.0	0.0
A160QVW5.04	0.0	0.0	0.00689033098644	0.0	0.0	0.0	0.0	0.508431259553	0.0	0.0	0.484678409461	0.0	0.0	0.0	0.0	0.0	0.0
A160QXKZ.04	0.0	0.0	0.00115074798619	0.000140907916676	0.0	0.0	0.0	0.342194875649	0.00100984006951	0.0	0.655503628379	0.0	0.0	0.0	0.0	0.0	0.0
E160R7P4.04	0.0	0.0	2.16846830241e-05	0.0	0.0	0.0	0.0	0.996877405645	0.0	0.0	0.00310090967245	0.0	0.0	0.0	0.0	0.0	0.0
D160RJV9.04	0.0	0.0	0.00491323437173	0.0	0.0	0.0	0.0	0.966401839849	0.0	0.0	0.0286849257788	0.0	0.0	0.0	0.0	0.0	0.0
C160RK56.04	0.0	6.2576917461e-05	0.00329571765295	0.0752800317056	0.0	0.0	4.1717944974e-05	0.870257191131	0.0302455101062	0.0	0.020817254542	0.0	0.0	0.0	0.0	0.0	0.0
D160QM2D.04	0.0	0.0	0.0	0.0	0.0	0.0	0.0	0.999841994659	0.0	0.0	0.000158005340581	0.0	0.0	0.0	0.0	0.0	0.0
D160R0CG.04	0.0	2.21302587027e-05	0.00365149268595	0.144554849846	0.0	0.0	0.0	0.708278929781	0.0289463783832	0.0	0.113749529732	0.0	0.0	0.000796689313298	0.0	0.0	0.0
D160RPPC.04	0.0	0.0	0.130656119301	1.89246986242e-05	0.0	0.0	0.0	0.799152173502	0.0	0.0	0.0701727824984	0.0	0.0	0.0	0.0	0.0	0.0
D160TPYX.04	0.0	5.26329640254e-05	0.00142109002868	0.082975867786	0.0	0.0	0.0	0.897181504776	0.00192110318693	0.0	0.0164478012579	0.0	0.0	0.0	0.0	0.0	0.0
A160QMJF.04	0.0	2.08350695891e-05	0.0293774481207	0.00022918576548	0.0	0.0	0.0	0.970351695975	0.0	0.0	2.08350695891e-05	0.0	0.0	0.0	0.0	0.0	0.0
D160R33P.04	0.0	0.0	0.00436938196048	0.0	0.0	0.0	0.0	0.992585291219	0.0	0.0	0.00304532682094	0.0	0.0	0.0	0.0	0.0	0.0
D160R9F7.04	0.0	0.0	0.00215571500504	6.29405840886e-05	0.0	0.0	0.0	0.995814451158	0.0	0.0	0.00196689325277	0.0	0.0	0.0	0.0	0.0	0.0
B160RK74.04	0.0	4.45166603601e-05	0.00126872482026	0.131658023015	0.0	0.0	0.0	0.850846929463	0.000623233245042	0.0	0.0155585727959	0.0	0.0	0.0	0.0	0.0	0.0
D160PZSK.04	0.0	0.0	0.0	0.00876916282884	0.0	0.0	0.0	0.916598321872	3.15437511829e-05	0.0	0.0746009715475	0.0	0.0	0.0	0.0	0.0	0.0
D160RRVC.04	0.0	0.0	0.0345638501504	0.000109379272628	0.0	0.0	0.0	0.617610062893	0.0	0.0	0.347716707684	0.0	0.0	0.0	0.0	0.0	0.0
A160RPT3.04	0.0	0.0	0.051071366355	0.0	0.0	0.0	0.0	0.815574008478	0.0	0.0	0.133354625167	0.0	0.0	0.0	0.0	0.0	0.0
E160RS7D.04	0.0	0.0	0.0	0.0	0.0	0.0	0.0	0.609690899555	0.0	0.0	0.390309100445	0.0	0.0	0.0	0.0	0.0	0.0
E160QXK2.04	0.0	0.0	0.0	0.126255302179	0.0	0.0	0.0	0.761066598992	0.0	0.0	0.112678098829	0.0	0.0	0.0	0.0	0.0	0.0
D160P3JX.04	0.0	0.0	0.0	0.0	0.0	0.0	0.0	0.996422001072	0.0	0.0	0.00357799892805	0.0	0.0	0.0	0.0	0.0	0.0
D160RJ3Q.04	0.0	0.0	0.03226346467	0.000639181847236	0.0	0.0	0.0	0.964129723478	0.0	0.0	0.00296763000502	0.0	0.0	0.0	0.0	0.0	0.0
E160RFVF.04	0.0	0.0	0.287088997787	0.0	0.0	0.0	0.0	0.619407998735	0.0	0.0	0.0935030034777	0.0	0.0	0.0	0.0	0.0	0.0
B160R9MM.04	0.0	0.000111012433393	0.0119523386619	0.000518058022499	0.0	0.0	0.0	0.985790408526	0.0	0.0	0.00162818235642	0.0	0.0	0.0	0.0	0.0	0.0
A160RNGP.04	0.0	0.0	0.00105335470575	2.28990153423e-05	0.0	0.0	0.0	0.994572933364	0.0	0.0	0.00435081291504	0.0	0.0	0.0	0.0	0.0	0.0
A160S0RX.04	0.0	0.0	0.000731764430395	0.0	0.0	0.0	0.0	0.969295164501	0.0	0.0	0.029973071069	0.0	0.0	0.0	0.0	0.0	0.0
E160QRHY.04	0.0	0.0	0.0	0.000121802679659	0.0	0.0	0.0	0.775274056029	0.0	0.0	0.224604141291	0.0	0.0	0.0	0.0	0.0	0.0
C160RZL9.04	0.0	0.0	0.0040390808362	0.00109164346924	0.0	0.0	0.0	0.990557283991	0.0	0.0	0.00431199170351	0.0	0.0	0.0	0.0	0.0	0.0
B160QKDL.04	0.0	0.0	0.0	0.0	0.0	0.0	0.0	0.676363478713	0.0	0.0	0.323636521287	0.0	0.0	0.0	0.0	0.0	0.0
B160RQJ4.04	0.0	0.0	0.00193945985137	0.0	0.0	0.0	0.0	0.994544136306	0.0	0.0	0.00351640384267	0.0	0.0	0.0	0.0	0.0	0.0
C160QV5B.04	0.0	0.0	5.62577354386e-05	0.0	0.0	0.0	0.0	0.995668154371	0.0	0.0	0.00427558789334	0.0	0.0	0.0	0.0	0.0	0.0
A160R60M.04	0.0	0.0	1.1145041571e-05	0.0	0.0	0.0	0.0	0.99538595279	0.0	0.0	0.00460290216883	0.0	0.0	0.0	0.0	0.0	0.0
E160R9G4.04	0.0	0.0	1.56683327327e-05	0.0	0.0	0.0	0.0	0.99598890682	0.0	0.0	0.00399542484684	0.0	0.0	0.0	0.0	0.0	0.0
E160RM6F.04	0.0	0.0	0.0	0.000160860373196	0.0	0.0	0.0	0.227640408126	0.0	0.0	0.772198731501	0.0	0.0	0.0	0.0	0.0	0.0
B160RJ8S.04	0.0	0.0	0.000103323574996	0.000137764766661	0.0	0.0	0.0	0.630067160324	0.0	0.0	0.369691751335	0.0	0.0	0.0	0.0	0.0	0.0
C160R3W2.04	0.0	0.0	0.0	0.000270176386584	0.0	0.0	0.0	0.82664325138	0.0	0.0	0.173086572234	0.0	0.0	0.0	0.0	0.0	0.0
J160RCW1.04	0.0	0.0	0.00039880889078	0.0	0.0	0.0	0.0	0.887137083909	0.0	0.0	0.1124641072	0.0	0.0	0.0	0.0	0.0	0.0
F160RN22.04	0.000207979479358	0.0	0.187181531422	0.0453395265001	0.0	0.0	0.0	0.510589621824	0.0101216679954	0.0	0.245901071094	0.0	0.0	0.000658601684634	0.0	0.0	0.0
G160RBPL.04	0.0	4.21816341165e-05	0.00725524106804	2.10908170583e-05	0.0	0.0	0.0	0.289703463112	0.0	0.0	0.702978023369	0.0	0.0	0.0	0.0	0.0	0.0
H160RFS1.04	0.0	0.0	0.000990667908304	0.0	0.0	0.0	0.0	0.519803451487	0.0	0.0	0.479205880605	0.0	0.0	0.0	0.0	0.0	0.0
J160P1KX.04	0.0	3.6832412523e-05	0.00117863720074	5.52486187845e-05	0.0	0.0	1.84162062615e-05	0.997863720074	1.84162062615e-05	0.0	0.000828729281768	0.0	0.0	0.0	0.0	0.0	0.0
H160QS0Z.04	0.0	0.0	0.0	0.0	0.0	0.0	0.0	0.918905824165	0.0	0.0	0.0810941758353	0.0	0.0	0.0	0.0	0.0	0.0
F160RJ2T.04	0.0	3.11463410836e-05	0.0	0.0	0.0	0.0	0.0	0.985174341644	0.0	0.0	0.00755298771277	0.0	0.0	0.0	0.00724152430193	0.0	0.0
K160RFSY.04	0.0	1.7046519953e-05	3.40930399059e-05	0.0	0.0	0.0	0.0	0.943712391115	0.0	0.0	0.0352181102228	0.0	0.0	0.0	0.021018359102	0.0	0.0
H160R9H1.04	0.0	0.0	4.33688958279e-05	0.0	0.0	0.0	0.0	0.98898430046	0.0	0.0	0.0109723306445	0.0	0.0	0.0	0.0	0.0	0.0
J160R5YR.04	0.0	0.000208962154632	0.000951938704435	4.64360343627e-05	0.0	0.0	0.0	0.995356396564	0.0	0.0	0.00343626654284	0.0	0.0	0.0	0.0	0.0	0.0
K160QX14.04	0.0	0.0	1.73499661676e-05	1.73499661676e-05	0.0	0.0	0.0	0.999930600135	0.0	0.0	3.46999323351e-05	0.0	0.0	0.0	0.0	0.0	0.0
K160R7SC.04	0.0	0.0	0.0	0.0	0.0	0.0	0.0	0.995375760458	0.0	0.0	0.00462423954217	0.0	0.0	0.0	0.0	0.0	0.0
J160QYQN.04	0.0	0.0	0.000396711700791	0.00015427677253	0.0	0.0	0.0	0.635598263284	0.000661186167985	0.0	0.363189562074	0.0	0.0	0.0	0.0	0.0	0.0
H160RM7N.04	0.0	1.86205869209e-05	0.00137792343215	3.72411738418e-05	0.0	0.0	0.0	0.996052435573	0.0	0.0	0.00251377923432	0.0	0.0	0.0	0.0	0.0	0.0
F160R20Z.04	0.0	1.1658000886e-05	0.000477978036326	0.0	0.0	0.0	0.0	0.950453496234	2.3316001772e-05	0.0	0.0490335517265	0.0	0.0	0.0	0.0	0.0	0.0
J160RNK0.04	0.0	0.000147536146356	0.094010032458	0.109383298908	0.0	0.0	0.0	0.624668043671	0.134907052228	0.0	0.0367660076719	0.0	0.0	0.000118028917085	0.0	0.0	0.0
F160R98D.04	0.0	2.34022138494e-05	0.00381456085746	0.157473496993	0.0	0.0	0.0	0.832065713416	0.0020359926049	0.0	0.00458683391449	0.0	0.0	0.0	0.0	0.0	0.0
F160R9VK.04	0.0	0.0	0.0730218741561	0.104266810694	0.0	0.0	0.0	0.821523089387	0.0	0.0	0.00113421550095	0.0	0.0	0.0	5.40102619498e-05	0.0	0.0
J160QX2F.04	0.0	0.0	0.0724221682491	0.0172223448885	0.0	0.0	0.0	0.85841245308	0.0	0.0	0.0519154338706	0.0	0.0	2.75999116803e-05	0.0	0.0	0.0
H160RHLS.04	0.0	0.0	0.00266822703335	0.0078642480983	0.0	0.0	0.0	0.968425980105	0.0123581041545	0.0	0.00861322410767	0.0	0.0	7.02165008777e-05	0.0	0.0	0.0
H160R7TV.04	0.0	0.0	0.000293734280626	0.0	0.0	0.0	0.0	0.996566980595	0.0	0.0	0.00313928512419	0.0	0.0	0.0	0.0	0.0	0.0
H160RFWB.04	0.0	0.0	0.0	0.0	0.0	0.0	0.0	0.994277023021	0.0	0.0	0.0057229769792	0.0	0.0	0.0	0.0	0.0	0.0
J160RKKS.04	0.0	0.0	0.0160955524552	0.145676659748	0.0	0.0	0.0	0.837104842277	0.0	0.0	0.00112294552013	0.0	0.0	0.0	0.0	0.0	0.0
G160PL64.04	0.0	0.0	0.0756087579292	0.0757451742719	0.0	0.0	0.0	0.839574381011	0.00763931518996	0.0	0.000818498056067	0.0	0.0	0.00061387354205	0.0	0.0	0.0
H160RJMZ.04	0.0	0.0	3.26418697263e-05	1.63209348631e-05	0.0	0.0	0.0	0.995919766284	3.26418697263e-05	0.0	0.00398230810661	1.63209348631e-05	0.0	0.0	0.0	0.0	0.0
K160Q3P1.04	0.0	0.0	0.0628314114973	0.0689335914485	0.0	0.0	0.0	0.853926437169	0.0	0.0	0.0143085598855	0.0	0.0	0.0	0.0	0.0	0.0
F160S1ZD.04	0.0	0.0	0.000347048162573	0.000134963174334	0.0	0.0	0.0	0.995873982956	1.92804534763e-05	0.0	0.00356688389311	0.0	0.0	0.0	0.0	0.0	5.78413604288e-05
F160QPRQ.04	0.0	0.0	0.00177956371986	7.17566016073e-05	0.0	0.0	0.0	0.998119977038	0.0	0.0	2.87026406429e-05	0.0	0.0	0.0	0.0	0.0	0.0
H160QTS0.04	0.0	0.000601152798897	0.0201209377984	0.0302698115209	0.0	0.0	0.0	0.757381802751	0.00693093815199	0.0	0.184695356979	0.0	0.0	0.0	0.0	0.0	0.0
J160R8YF.04	0.0	9.42462654917e-05	0.06229678149	0.07379482588	0.0	0.0	0.0	0.717732434852	0.0178125441779	0.0	0.123603977192	0.0	0.0	0.00466519014184	0.0	0.0	0.0
G160R96L.04	0.0	0.0	0.0239863773818	0.146296350665	0.0	0.0	0.0	0.806787821849	0.0	0.0	0.022753295558	0.0	0.0	0.000176154546255	0.0	0.0	0.0
K160Q253.04	0.0	0.0	0.0531287643441	0.000760793761491	0.0	0.0	0.0	0.944715653332	0.0	0.0	0.00139478856273	0.0	0.0	0.0	0.0	0.0	0.0
J160PY62.04	0.0	0.0	0.0198392833619	0.0272954814912	0.0	0.0	0.0	0.944223422474	0.00650770649453	0.0	0.00213410617837	0.0	0.0	0.0	0.0	0.0	0.0
J160QV36.04	0.0	0.0	5.97228858098e-05	0.0	0.0	0.0	0.0	0.995261984392	0.0	0.0	0.00467829272177	0.0	0.0	0.0	0.0	0.0	0.0
G160RN2Z.04	0.0	2.85257873117e-05	0.0063327247832	0.0125513464172	0.0	0.0	0.0	0.962716795984	0.00402213601095	0.0	0.0141487905066	5.70515746235e-05	0.0	0.000142628936559	0.0	0.0	0.0
G160R6QB.04	0.0	0.0	0.0541907937065	0.077820670293	0.0	0.0	0.0	0.865941393227	0.0	0.0	0.00204714277359	0.0	0.0	0.0	0.0	0.0	0.0
H160QYK7.04	0.0	0.0	1.74849629319e-05	0.0195656735208	0.0	0.0	0.0	0.769705553224	0.0	0.0	0.210711288292	0.0	0.0	0.0	0.0	0.0	0.0
K160R6PF.04	0.0	0.0	0.00426610271463	0.000474011412736	0.0	0.0	0.0	0.99237935498	0.0	0.0	0.00288053089278	0.0	0.0	0.0	0.0	0.0	0.0
H160QV43.04	0.0	0.0	0.0109847443094	0.0	0.0	0.0	0.0	0.98862698785	0.0	0.0	0.000372090013428	0.0	0.0	0.0	0.0	0.0	1.61778266708e-05
H160RQ3S.04	0.0	0.0	5.58199249222e-05	1.39549812306e-05	0.0	0.0	0.0	0.979193122985	0.0	0.0	0.0207371021086	0.0	0.0	0.0	0.0	0.0	0.0
J160QXVF.04	0.0	0.0	0.00472129150168	0.0563128236369	0.0	0.0	0.0	0.936224489796	0.0	0.0	0.00274139506549	0.0	0.0	0.0	0.0	0.0	0.0
H160R0ZB.04	0.0	0.00800706978737	0.00717690536126	0.0934068876868	0.0	0.0	0.0	0.759868244872	0.0249852712763	0.0	0.106341385036	0.0	0.0	0.000214235980933	0.0	0.0	0.0
G160RHC4.04	0.0	0.0	0.00465329924908	0.00309554241892	0.0	0.0	0.0	0.990373861639	1.99712414124e-05	0.0	0.00185732545135	0.0	0.0	0.0	0.0	0.0	0.0
F160RCT3.04	0.0	0.0	0.0	0.0	0.0	0.0	0.0	0.847780817443	0.0	0.0	0.152219182557	0.0	0.0	0.0	0.0	0.0	0.0
J160PLMT.04	0.0	0.0	0.0193792759198	0.151305164871	0.0	0.0	0.0	0.603018469037	0.0	0.0	0.222127609596	0.0	0.0	0.0025545409167	0.00161493965998	0.0	0.0
K160RLJV.04	0.0	3.18887719634e-05	0.0126279536975	0.0214930323033	0.0	0.0	0.0	0.866099046526	0.013903504576	0.0	0.0849197997385	0.000733441755158	0.0	0.00019133263178	0.0	0.0	0.0
F160QYBF.04	0.0	0.0	0.0348289142555	0.000125133823673	0.0	0.0	0.0	0.964767876757	0.0	0.0	0.000278075163717	0.0	0.0	0.0	0.0	0.0	0.0
G160TP1C.04	0.0	0.0	0.00635999130933	0.00242943767406	0.0	0.0	0.0	0.987457781114	0.00343676549013	0.0	0.000316024412886	0.0	0.0	0.0	0.0	0.0	0.0
H160R04Y.04	0.0	0.0	0.0258317271432	0.0611329925417	0.0	0.0	0.0	0.885862733596	0.00762591133831	0.0	0.019525685075	0.0	0.0	2.09503058745e-05	0.0	0.0	0.0
G160QYMY.04	0.0	0.0	0.0	1.3783597519e-05	0.0	0.0	0.0	0.999903514817	0.0	0.0	8.27015851137e-05	0.0	0.0	0.0	0.0	0.0	0.0
H160R5QJ.04	0.0	1.43953243986e-05	0.00544143262268	2.87906487973e-05	0.0	0.0	0.0	0.992500035988	0.0	0.0	0.00201534541581	0.0	0.0	0.0	0.0	0.0	0.0
K160R503.04	0.0	0.0	0.000193281533882	0.000966407669411	0.0	0.0	0.0	0.998724341876	0.0	0.0	0.000115968920329	0.0	0.0	0.0	0.0	0.0	0.0
J160RH9B.04	0.0	0.0	0.000759454086533	0.14123612321	0.0	0.0	0.0	0.851906453126	0.000290379503674	0.0	0.00580759007349	0.0	0.0	0.0	0.0	0.0	0.0
F160R6ZH.04	0.0	0.000104693770721	0.000785203280405	0.0156866166463	0.0	0.0	0.0	0.949328214971	0.000209387541441	0.0	0.0338858837899	0.0	0.0	0.0	0.0	0.0	0.0
J160RZBC.04	0.0	4.85307320861e-05	0.00402805076315	0.030453034384	0.0	0.0	0.0	0.894591249909	0.0175681250152	0.0	0.0526558443134	0.000655164883162	0.0	0.0	0.0	0.0	0.0
J160RFPB.04	0.0	0.0	5.17768074421e-05	0.0	0.0	0.0	0.0	0.998550249392	0.0	0.0	0.00139797380094	0.0	0.0	0.0	0.0	0.0	0.0
H160R5W1.04	0.0	0.0	0.00069580618635	0.0580049338984	0.0	0.0	0.0	0.935290024669	0.00018976532355	0.0	0.0058194699222	0.0	0.0	0.0	0.0	0.0	0.0
F160QV1R.04	0.0	0.0	0.00537610973076	1.45300262993e-05	0.0	0.0	0.0	0.99458030019	0.0	0.0	2.90600525987e-05	0.0	0.0	0.0	0.0	0.0	0.0
K160P7J5.04	0.0	0.0	0.0035693584307	0.256322645596	0.0	0.0	0.0	0.738155526404	0.0	0.0	0.00195246956893	0.0	0.0	0.0	0.0	0.0	0.0
J160PJ00.04	0.0	0.0	0.005625	0.0877380952381	0.0	0.0	0.0	0.706071428571	0.0	0.0	0.194107142857	0.0	0.0	0.00247023809524	0.0039880952381	0.0	0.0
H160RCQD.04	0.0	0.0	0.000227461416857	0.0	0.0	0.0	0.0	0.976423624143	0.0	0.0	0.0233147952279	0.0	0.0	0.0	0.0	0.0	3.41192125286e-05
F160RGP6.04	0.0	0.0	0.00240067409657	9.53910237047e-05	0.0	0.0	0.0	0.99046089763	0.0	0.0	0.00704303725019	0.0	0.0	0.0	0.0	0.0	0.0
K160RQH7.04	0.0	0.0	0.0429846981113	0.04776446377	0.0	0.0	0.0	0.909151259667	3.31928170744e-05	0.0	6.63856341488e-05	0.0	0.0	0.0	0.0	0.0	0.0
G160QZKF.04	0.0	0.0	0.00031887755102	0.31833090379	0.0	0.0	0.0	0.595412718659	0.0	0.0	0.0859375	0.0	0.0	0.0	0.0	0.0	0.0
H160QPFH.04	0.0	0.0	0.0014982373678	0.0	0.0	0.0	0.0	0.842068155112	0.0	0.0	0.156433607521	0.0	0.0	0.0	0.0	0.0	0.0
H160QMKD.04	0.0	0.0	0.00435390238658	0.00370887981079	0.0	0.0	0.0	0.969415179531	0.0	0.0	0.0225220382713	0.0	0.0	0.0	0.0	0.0	0.0
F160RXSB.04	0.0	0.0	0.00136567107559	0.0013909612807	0.0	0.0	0.0	0.949672491844	0.0	0.0	0.0475708757998	0.0	0.0	0.0	0.0	0.0	0.0
J160RQXM.04	0.0	0.000809668036105	0.0329265001349	0.0685518937236	0.0	0.0	0.059345668276	0.612678801691	0.0445317419858	0.0	0.181155726152	0.0	0.0	0.0	0.0	0.0	0.0
H160RYKW.04	0.0	0.0	0.0413571836681	0.0417966861513	0.0	0.0	0.0	0.876587702721	0.00237331340922	0.0	0.0378851140509	0.0	0.0	0.0	0.0	0.0	0.0
G160TP63.04	0.0	0.0	0.00718173727673	0.0107622575905	0.0	0.0	0.0	0.980607239688	0.0	0.0	0.00134528219881	0.0	0.0	0.000103483246062	0.0	0.0	0.0
F160RKND.04	0.0	0.0	0.00881935896038	0.000311638125808	0.0	0.0	0.0	0.985197189024	4.67457188712e-05	0.0	0.00560948626455	0.0	0.0	0.0	1.55819062904e-05	0.0	0.0
H160PLH2.04	0.0	0.0	0.0553457180298	2.56943909145e-05	0.0	0.0	0.000102777563658	0.922788355302	0.0	0.0	0.0217374547136	0.0	0.0	0.0	0.0	0.0	0.0
H160R2R1.04	0.0	0.0	0.00769304167362	0.000202762338685	0.0	0.0	0.0	0.986247942559	0.0	0.0	0.00585625342907	0.0	0.0	0.0	0.0	0.0	0.0
J160PSM0.04	0.0	0.0	0.00163848089414	0.286266019077	0.0	0.0	0.0	0.462753818246	0.00374509918661	0.0	0.245421031073	0.0	0.0	0.000175551524372	0.0	0.0	0.0
G160R465.04	0.0	0.0	0.0013334700995	0.0	0.0	0.0	0.0	0.830238998872	0.0	0.0	0.168427531029	0.0	0.0	0.0	0.0	0.0	0.0
H160QLXW.04	0.0	0.0	0.00026254758675	0.0	0.0	0.0	0.0	0.446352776441	0.0	0.0	0.553384675973	0.0	0.0	0.0	0.0	0.0	0.0
G160S026.04	0.0	0.0	1.70937248936e-05	0.0	0.0	0.0	0.0	0.997282097742	0.0	0.0	0.00270080853319	0.0	0.0	0.0	0.0	0.0	0.0
F160R1XN.04	0.0	0.000369503633452	0.0147801453381	0.0898714948475	0.0	0.0	0.0	0.762121771975	0.0135074106006	0.0	0.119349673605	0.0	0.0	0.0	0.0	0.0	0.0
G160RFY4.04	0.0	0.0	0.00163127508972	2.83700015604e-05	0.0	0.0	0.0	0.940664141737	0.0	0.0	0.0576762131722	0.0	0.0	0.0	0.0	0.0	0.0
K160RCMM.04	0.0	0.0	2.62936474548e-05	2.62936474548e-05	0.0	0.0	0.0	0.982935422802	0.0	0.0	0.0170119899032	0.0	0.0	0.0	0.0	0.0	0.0
D160S1HJ.04	0.0	0.0	0.000865808437697	0.000288602812566	0.0	0.0	0.0	0.995802140908	0.0	0.0	0.0030434478416	0.0	0.0	0.0	0.0	0.0	0.0
E160S7NX.04	0.0	0.0	0.000147666863556	0.0001329001772	0.0	0.0	0.0	0.999682516243	0.0	0.0	3.6916715889e-05	0.0	0.0	0.0	0.0	0.0	0.0
A160SV7R.04	0.0	0.0	0.000235603795658	3.24970752632e-05	0.0	0.0	0.0	0.998651371377	3.24970752632e-05	0.0	0.00104803067724	0.0	0.0	0.0	0.0	0.0	0.0
C160S300.04	0.0	3.03703973663e-05	0.000133629748412	5.46667152593e-05	0.0	0.0	0.0	0.998645480277	4.8592635786e-05	0.0	0.00108726022571	0.0	0.0	0.0	0.0	0.0	0.0
C160S4KG.04	0.0	0.0	0.000102542112181	7.45760815862e-05	0.0	0.0	0.0	0.122780196322	0.000130508142776	0.0	0.876912177342	0.0	0.0	0.0	0.0	0.0	0.0
D160S33M.04	0.0	0.0	0.00150765855347	0.0	0.0	0.0	0.0	0.997624117844	0.0	0.0	0.000868223602776	0.0	0.0	0.0	0.0	0.0	0.0
D160S0BN.04	0.0	0.00040110016044	0.0492589197036	0.148120559248	0.0	0.0	0.0	0.75347620139	0.0230155092062	0.0	0.0237222094889	0.0	0.0	0.0020055008022	0.0	0.0	0.0
B160S7JB.04	0.0	0.000160335635931	0.119303074436	0.109656213674	0.0	0.0	0.0	0.607672060179	0.113130152452	0.0	0.0486084202931	0.0	0.0	0.00146974332937	0.0	0.0	0.0
B160S48S.04	0.0	0.0	0.0866142897303	0.100285557874	0.0	0.0	0.0	0.542767100182	0.195673724237	0.0	0.0711231449835	0.0	0.0	0.00353618299377	0.0	0.0	0.0
C160SF7R.04	0.0	0.000554809644811	0.0122391007645	0.0276517126974	0.0	0.0	0.000332885786887	0.891090866724	0.0162670187859	0.0	0.0513642769166	6.65771573773e-05	0.0	0.000432751522952	0.0	0.0	0.0
A160S43W.04	0.0	0.000458327962303	0.0315100474083	0.0985261891462	0.0	0.0	0.0	0.71586530887	0.120411349346	0.0	0.0298629312938	0.0	0.0	0.00336584597316	0.0	0.0	0.0
C160SWMK.04	0.0	0.000135409614083	0.0010207801677	0.0471954585699	0.0	0.0	0.0	0.895036716838	0.028935992917	0.0	0.0274881516588	9.37451174418e-05	0.0	9.37451174418e-05	0.0	0.0	0.0
B160SCW0.04	0.0	0.00127366096229	0.0362315895018	0.14640326274	0.0	0.0	0.0	0.706014660651	0.00794005663726	0.0	0.0957684646966	0.0	0.0	0.00636830481146	0.0	0.0	0.0
D160S178.04	0.0	9.97580866399e-05	0.0195525849814	0.039603960396	0.0	0.0	0.0	0.836571314562	0.0273960645435	0.0	0.0765892710178	0.0	0.0	0.00018704641245	0.0	0.0	0.0
A160SDS6.04	0.0	5.66486649798e-05	0.000755315533064	0.0749933909891	0.0	0.0	0.0	0.699214471846	0.217549756411	0.0	0.00730767778239	0.0	0.0	0.000122738774123	0.0	0.0	0.0
A160S5P1.04	0.0	0.000204869054529	0.0747772049032	0.138474408441	0.0	0.0	0.0	0.604739304128	0.0729675282549	0.0	0.106480691092	0.000426810530269	0.0	0.00192918359682	0.0	0.0	0.0
B160S2L5.04	0.0	0.000297246558198	0.0539893617021	0.152784730914	0.0	0.0	0.000219023779725	0.599264705882	0.129771589487	0.0	0.0616708385482	0.000125156445557	0.0	0.00187734668335	0.0	0.0	0.0
C160S2K8.04	0.0	1.83774545388e-05	0.00138749781768	0.0366078894412	0.0	0.0	0.0	0.937121539296	0.00185612290842	0.0	0.0230085730825	0.0	0.0	0.0	0.0	0.0	0.0
A160SSRG.04	0.0	0.00166688891852	0.0291483308886	0.0890007556563	0.0	0.0	0.0	0.748688714051	0.00874561052585	0.0	0.118782504334	2.22251855803e-05	0.0	0.0039449704405	0.0	0.0	0.0
E160SDQQ.04	0.0	7.78743419618e-06	0.0122885711616	0.00213375696975	0.0	0.0	0.000116811512943	0.980788399838	0.0	0.0	0.00466467308351	0.0	0.0	0.0	0.0	0.0	0.0
A160SSZB.04	0.0	3.56268091739e-05	0.0193097305723	0.0614028056112	0.0	0.0	0.0	0.916063237586	0.00167446003117	0.0	0.00151413938989	0.0	0.0	0.0	0.0	0.0	0.0
B160SFGZ.04	0.0	9.45033419818e-05	0.0199230227323	0.0734033230812	0.0	0.0	1.71824258149e-05	0.862489046204	0.036658705476	0.0	0.00719943641643	0.0	0.0	0.000214780322686	0.0	0.0	0.0
E160S29K.04	0.0	0.0	0.00170054172946	0.00508125941917	0.0	0.0	0.0	0.993075638467	3.05486538227e-05	0.0	0.000112011730683	0.0	0.0	0.0	0.0	0.0	0.0
C160S3Q7.04	0.0	0.0	0.000550783016154	0.0172058037733	0.0	0.0	0.0	0.978165974763	0.00356775864195	0.0	0.000509679805993	0.0	0.0	0.0	0.0	0.0	0.0
C160S608.04	0.0	0.000132462027552	0.0022187389615	0.241743200283	0.0	0.0	0.0	0.480417696927	0.129371246909	0.0	0.144968650653	0.0	0.0	0.00114800423878	0.0	0.0	0.0
C160SDPT.04	0.0	0.0	0.00971778330758	0.0553111695541	0.0	0.0	0.0	0.911006804807	0.00186336136238	0.0	0.0188223084453	0.0	0.0	0.00327857252368	0.0	0.0	0.0
E160RYHG.04	0.0	2.31839706027e-05	0.0178458613714	2.31839706027e-05	0.0	0.0	0.0	0.975297479323	0.0	0.0	0.00681029136455	0.0	0.0	0.0	0.0	0.0	0.0
D160S5M5.04	0.0	0.0	0.0808879428311	0.0348183062186	0.0	0.0	0.0	0.688915919112	0.030028888551	0.0	0.133267447164	0.0	0.0	0.0171810856013	0.0	0.0	0.0149004105215
C160S209.04	0.0	2.36060620367e-05	0.0309003352061	0.0205136679099	0.0	0.0	0.0	0.915490297909	0.000908833388414	0.0	0.032163259525	0.0	0.0	0.0	0.0	0.0	0.0
A160SCR2.04	0.0	0.0	0.000842986043898	0.051921695963	0.0	0.0	0.0	0.931374691686	0.00586968060195	0.0	0.00970995035749	0.0	0.0	0.000280995347966	0.0	0.0	0.0
C160S6KB.04	0.0	9.8424228108e-06	0.00268698142735	0.0410232182754	0.0	0.0	2.95272684324e-05	0.95304180077	0.000767708979242	0.0	0.00212596332713	0.0	0.0	0.000314957529946	0.0	0.0	0.0
A160S69G.04	0.0	0.0	0.001955344167	0.0	0.0	0.0	0.0	0.997958779231	6.60589245607e-06	0.0	7.92707094728e-05	0.0	0.0	0.0	0.0	0.0	0.0
D160SBLT.04	0.0	0.0	0.000531557235539	0.0	0.0	0.0	0.0	0.999323059589	0.0	0.0	0.000145383175532	0.0	0.0	0.0	0.0	0.0	0.0
C160S6H0.04	0.0	0.000100921616199	0.000181658909158	0.0	0.0	0.0	0.0	0.999103816048	0.0	0.0	0.000613603426491	0.0	0.0	0.0	0.0	0.0	0.0
E160RVSS.04	0.0	0.0	0.0	3.78622948337e-05	0.0	0.0	0.0	0.999886413115	0.0	0.0	7.57245896674e-05	0.0	0.0	0.0	0.0	0.0	0.0
D160S6C8.04	0.0	0.0	0.0106378130042	3.64620839904e-05	0.0	0.0	0.0	0.989188992097	9.1155209976e-06	0.0	0.000127617293966	0.0	0.0	0.0	0.0	0.0	0.0
E160S4BL.04	0.0	0.000106460469547	1.12063652154e-05	1.12063652154e-05	0.0	0.0	0.0	0.999125903513	0.0	0.0	0.000745223286827	0.0	0.0	0.0	0.0	0.0	0.0
B160SWG4.04	0.0	0.0	0.00014908952569	0.000138807489435	0.0	0.0	0.0	0.998036131075	8.73973081629e-05	0.0	0.00158857460131	0.0	0.0	0.0	0.0	0.0	0.0
A160S7N0.04	0.0	0.0	0.00029891791714	0.0	0.0	0.0	0.0	0.999653255216	0.0	0.0	4.78268667424e-05	0.0	0.0	0.0	0.0	0.0	0.0
A160ST32.04	0.0	0.0	1.13929819231e-05	2.65836244873e-05	0.0	0.0	0.0	0.999927844448	0.0	0.0	3.41789457694e-05	0.0	0.0	0.0	0.0	0.0	0.0
B160S30X.04	0.0	0.0	0.000773918931992	1.07488740554e-05	0.0	0.0	0.0	0.182419141595	1.07488740554e-05	0.0	0.816785441725	0.0	0.0	0.0	0.0	0.0	0.0
D160RXXJ.04	0.0	0.0	7.89827027881e-06	1.57965405576e-05	0.0	0.0	8.68809730669e-05	0.999770950162	0.0	0.0	0.000118474054182	0.0	0.0	0.0	0.0	0.0	0.0
K160RZVY.04	0.0	0.0	0.014931502349	6.57051808535e-05	0.0	0.0	0.0	0.182972502382	0.0	0.0	0.802030290088	0.0	0.0	0.0	0.0	0.0	0.0
H160S09R.04	0.0	0.0	0.00506911238274	0.123984217815	0.0	0.0	0.0	0.855151420135	0.0	0.0	0.0157952496668	0.0	0.0	0.0	0.0	0.0	0.0
F160S1TW.04	0.0	0.000101853738032	0.0091922998574	0.0475784273783	0.0	0.0	0.0	0.89002342636	0.0126425952332	0.0	0.0403086168262	0.0	0.0	0.000152780607048	0.0	0.0	0.0
H160RW3Q.04	0.0	0.000359436012221	0.0226934827716	0.096557583283	0.0	0.0	0.0	0.741500155211	0.0467756955904	0.0	0.0880128089924	0.000114366003888	0.00050647801722	0.00347999411832	0.0	0.0	0.0
H160SVQ1.04	0.0	0.00103548452047	0.0119080719853	0.074804168784	0.0	0.0	0.0	0.893153337999	0.0165965157863	0.0	0.00250242092446	0.0	0.0	0.0	0.0	0.0	0.0
F160RW03.04	0.0	0.00026214896615	0.0637021987745	0.0782678507062	0.0	0.0	0.0	0.81541435921	0.00165481534882	0.0	0.0378313726775	0.0	0.0	0.00286725431727	0.0	0.0	0.0
F160RX6M.04	0.0	1.51632321946e-05	0.0162549849126	0.0683406875009	0.0	0.0	0.0	0.885365964609	0.0187265917603	0.0	0.0112814447528	0.0	0.0	1.51632321946e-05	0.0	0.0	0.0
G160SC1H.04	0.0	0.000673618757692	0.00262970399637	0.222799404106	0.0	0.0	0.000440443033875	0.29694928428	0.0383833149815	0.0	0.438033551396	7.77252412721e-05	0.0	1.29542068787e-05	0.0	0.0	0.0
K160NSW7.04	0.0	0.0	0.00184595464726	0.0	0.0	0.0	0.0	0.982485302352	0.0	0.0	0.0156687430011	0.0	0.0	0.0	0.0	0.0	0.0
J160P05Z.04	0.0	0.0	0.000100095925262	0.0	0.0	0.0	0.0	0.996446594653	0.0	0.0	0.00345330942153	0.0	0.0	0.0	0.0	0.0	0.0
J160RYGK.04	0.0	4.50620955677e-05	0.00576794823266	0.0151138268534	0.0	0.0	9.01241911354e-06	0.972016438652	0.00148704915373	0.0	0.00514609131383	0.0	0.0	0.000414571279223	0.0	0.0	0.0
G160RXDL.04	0.0	0.000346734912903	0.0325105258813	0.0912408156526	0.0	0.0	0.0	0.796004292908	0.0315198547016	0.0	0.0477833732354	0.0	0.0	0.000594402707835	0.0	0.0	0.0
G160SCKR.04	0.0	0.0	0.0162937290659	0.0622325083737	0.0	0.0	0.0	0.915926218831	0.000127930777819	0.0	0.00411704503163	0.0	0.0	0.00130256791961	0.0	0.0	0.0
J160STZG.04	0.0	0.0	0.00084375	0.0348854166667	0.0	0.0	0.0	0.96403125	0.000125	0.0	0.000114583333333	0.0	0.0	0.0	0.0	0.0	0.0
H160RZGP.04	0.0	0.0	0.00873658542946	0.0443740301738	0.0	0.0	0.0	0.946432995606	0.0	0.0	0.000456388791091	0.0	0.0	0.0	0.0	0.0	0.0
G160RXYH.04	0.0	0.0	0.00121978734806	2.82031756776e-05	0.0	0.0	0.0	0.99611501255	2.11523817582e-05	0.0	0.0026158445441	0.0	0.0	0.0	0.0	0.0	0.0
J160S70G.04	0.0	7.2939460248e-06	0.00554339897885	0.000525164113786	0.0	0.0	0.0	0.987140773158	7.2939460248e-06	0.0	0.00677607585704	0.0	0.0	0.0	0.0	0.0	0.0
H160RX46.04	0.0	3.37589777782e-05	0.00627073012229	0.0123135871446	0.0	0.0	8.43974444454e-06	0.976064884755	0.00133347962224	0.0	0.00397511963338	0.0	0.0	0.0	0.0	0.0	0.0
G160S0Q1.04	0.0	3.92013380723e-05	0.00394626803262	0.0571424837968	0.0	0.0	0.0	0.878854798244	0.0570118126699	0.0	0.00300543591888	0.0	0.0	0.0	0.0	0.0	0.0
J160S5QV.04	0.0	1.81302294381e-05	0.0106968353685	0.0130900256543	0.0	0.0	0.0	0.974454506722	0.000435125506513	0.0	0.00104248819269	0.0	0.0	0.000262888326852	0.0	0.0	0.0
K160RYFN.04	0.0	0.00106826989963	0.0156389744609	0.0258993341946	0.0	0.0	0.0	0.895048693233	0.00141607870416	0.0	0.0599224883236	0.0	0.0	0.00100616118454	0.0	0.0	0.0
F160RX7J.04	0.0	0.0	0.00706983061078	0.0015995774701	0.0	0.0	0.0	0.989987550458	0.0	0.0	0.00134304146075	0.0	0.0	0.0	0.0	0.0	0.0
G160SDXW.04	0.0	0.0	0.00610597981337	0.0842101504475	0.0	0.0	0.0	0.84061369263	0.0438368882118	0.0	0.0236145496096	7.14149685774e-05	0.0	0.00154732431918	0.0	0.0	0.0
G160S2Y6.04	0.0	0.0	0.0134837723809	0.0128302467059	0.0	0.0	0.0	0.973464935464	0.0	0.0	0.000221045448866	0.0	0.0	0.0	0.0	0.0	0.0
J160S4DD.04	0.0	0.0	1.62696863204e-05	0.0	0.0	0.0	0.0	0.999880688967	0.0	0.0	0.000103041346696	0.0	0.0	0.0	0.0	0.0	0.0
H160S32Q.04	0.0	0.0	0.000438883414347	0.000264986212436	0.0	0.0	0.0	0.997714493918	2.48424574159e-05	0.0	0.00155679399806	0.0	0.0	0.0	0.0	0.0	0.0
F160Q3GQ.04	0.0	0.0	0.0504056085275	0.00414214083279	0.0	0.0	0.0	0.945429302491	0.0	0.0	2.29481486581e-05	0.0	0.0	0.0	0.0	0.0	0.0
K160SBK0.04	0.0	4.13513625274e-05	0.00182979779184	0.278284331969	0.0	0.0	0.0	0.29499028243	0.194671876938	0.0	0.229934251334	0.0	0.0	0.000248108175164	0.0	0.0	0.0
J160S16C.04	0.0	1.42465363109e-05	0.000406026284859	0.00325533354703	0.0	0.0	0.0	0.994123303772	0.0	0.0	0.00214410371478	0.0	0.0	5.69861452434e-05	0.0	0.0	0.0
J160RXK7.04	0.0	0.0	0.545086129845	0.0279921995612	0.0	0.0	0.0	0.272873161615	0.00113756398797	0.0	0.152728122207	0.0	0.000182822783782	0.0	0.0	0.0	0.0
K160STT4.04	0.0	0.0	0.000155484333699	2.00624946709e-05	0.0	0.0	0.0	0.999197500213	4.01249893418e-05	0.0	0.000586827969124	0.0	0.0	0.0	0.0	0.0	0.0
H160SCJV.04	0.0	0.0	0.00401292742588	3.74165727355e-05	0.0	0.0	0.0	0.995603552704	1.40312147758e-05	0.0	0.000332072083027	0.0	0.0	0.0	0.0	0.0	0.0
F160S3KZ.04	0.0	0.0	0.00165766789808	0.0282750781472	0.0	0.0	0.0	0.936487638534	0.0255280856304	0.0	0.00805152979066	0.0	0.0	0.0	0.0	0.0	0.0
J160STR2.04	0.0	0.0	0.0101118729349	9.73231273814e-06	0.0	0.0	0.0	0.972880910555	9.73231273814e-06	0.0	0.0169877518844	0.0	0.0	0.0	0.0	0.0	0.0
G160SCLN.04	0.0	0.0	0.00547400382753	0.0	0.0	0.0	0.0	0.994435119156	0.0	0.0	9.08770166679e-05	0.0	0.0	0.0	0.0	0.0	0.0
G160S7PT.04	0.0	0.0	0.000354046192615	0.000166609972995	0.0	0.0	0.0	0.999007282244	0.0	0.0	0.000472061590153	0.0	0.0	0.0	0.0	0.0	0.0
H160RVWH.04	0.0	0.0	0.000291607317101	3.3646998127e-05	0.0	0.0	0.0	0.649061809536	0.0	0.0	0.350612936149	0.0	0.0	0.0	0.0	0.0	0.0
G160S1M4.04	0.0	1.25827314593e-05	0.00127085587739	5.03309258374e-05	0.0	0.0	0.0	0.981138485542	0.0	0.0	0.0175277449229	0.0	0.0	0.0	0.0	0.0	0.0
G160S1FQ.04	0.0	0.0	2.0103735274e-05	6.70124509134e-06	0.0	0.0	0.0	0.99856593355	0.0	0.0	0.00140726146918	0.0	0.0	0.0	0.0	0.0	0.0
F160SD5N.04	0.0	0.0	2.65703050271e-05	6.64257625678e-06	0.0	0.0	0.0	0.999687798916	1.32851525136e-05	0.0	0.000265703050271	0.0	0.0	0.0	0.0	0.0	0.0
K160Q2XN.04	0.0	0.0	0.000657740192624	1.17453605826e-05	0.0	0.0	0.0	0.999330514447	0.0	0.0	0.0	0.0	0.0	0.0	0.0	0.0	0.0
J160S4CH.04	0.0	0.0	0.00536115004327	0.000291033859492	0.0	0.0	7.6587857761e-06	0.909327635197	0.0	0.0	0.0850125221147	0.0	0.0	0.0	0.0	0.0	0.0
H160RZQF.04	0.0	0.0	0.00013808440591	0.00013808440591	0.0	0.0	0.0	0.929991206204	4.36056018663e-05	0.0	0.0696890193827	0.0	0.0	0.0	0.0	0.0	0.0